101
32.68633152657038 24.881288156059146
9.465966237638956 86.5265786498553
75.70085301368425 28.79824528925926
19.955020296691128 60.405981494844404
64.319205434603 43.64576566921111
46.775667326978066 48.33829976918882
21.308487288299638 67.95741920550854
47.37980753693441 11.745394992131963
60.1355792002362 83.58970345680396
42.785598159347636 31.20906534736202
84.57416921119817 75.87941529313072
81.74491518016939 57.4552722895254
55.22666335808539 92.52630562571589
39.38281156208204 19.32226281740732
68.14135564984636 58.15796048647284
33.83688862868871 97.62562104008771
47.80308480860691 36.74761768299383
39.53406250885675 37.14346484346888
63.073212083909034 4.886921613087525
97.07302563246016 16.37123648646518
70.05331562456178 61.55686193808933
16.97449285378432 91.41111531605786
60.83228232068152 49.93996842107503
93.82217360312085 89.61624690898279
11.254960122999202 51.06119180521023
6.891342496960884 7.785332715129445
89.17079671539433 77.935527832735
18.120909461827715 93.72986986817811
44.92201447083421 28.351830621829667
99.38773815171125 97.29429043174895
46.20196247512507 43.14005805775716
84.52105224339982 29.74859439155092
70.12630676421358 43.86084152504587
74.58855099388231 15.506153551342427
75.66422261530246 95.80938044930288
30.734687075984944 82.21079764286297
72.99473750880989 32.77673231562657
38.39778381063563 61.58956737641126
22.281557772541838 50.370111215935644
21.765396083970767 89.4664602578443
22.23605512162622 55.709788301996674
55.04230713542023 87.6062465933677
68.16133084362609 58.15853869434753
66.6061844517125 96.07985594071799
66.3198191442687 14.931993995809666
71.44093230845387 29.42886854983645
34.0387257186498 74.42651690347016
16.211132550057084 59.856534512351345
44.87492394155532 90.26968101961113
93.96143689505489 3.927600518473051
40.085684699766965 23.74819297776536
74.06530899767264 49.26950077299278
62.93323685972074 3.817584402173202
98.28740379731504 66.95195574839286
0.3999430376299684 81.86768675032
38.29764403823288 57.54847108561303
88.60219770150539 3.2453719648150026
94.16229132442339 99.33681031584666
94.16856616755972 92.7829620904013
74.7705458877936 9.989578977481994
27.058478882001722 15.510762530107524
37.23106147094758 25.242372697570957
1.290676556107162 90.35014936804107
2.9032882736024113 33.058538244680236
58.819279227023834 94.95057782565927
53.218796948523476 19.50226765942724
64.38232718503116 18.247826973374337
78.22868084183237 53.12335224511342
8.331154033129362 52.25017997896727
87.12414640140959 56.7913018060779
87.09893797319192 31.20837503356684
95.60809306080262 5.086442538022739
97.76345549782067 25.688774114496795
45.22292216626028 89.23907990841752
98.76013651750594 97.4425310169009
93.74313959696238 85.07862667841508
37.3031809775288 24.880957149380222
35.22149641128467 81.25293773029081
72.20504755601522 41.888777231983056
43.218273590463816 38.601008620943134
1.9353639652475607 61.9934982037416
47.11852633174867 68.53426034177954
71.53350879410428 71.42542934105501
1.155933950624921 15.88958842831767
60.86555210899392 28.650763853665417
86.60942652760376 95.05424937142564
47.35466052041034 2.9540390640117153
3.3045914277082478 47.94723793715252
30.160753702232213 45.77850353565067
7.887146761189989 77.26431394566148
78.01052759894321 90.80816211987202
80.1337131576612 47.10459469794438
9.106586180747922 19.842113480613055
51.016382975545724 86.18572464759346
39.52886653408506 63.40996312750327
78.32080163015056 23.80327670603618
63.40092989782248 68.87299562128018
93.60106902899996 43.644292107718066
60.661305531456 80.89118064135089
33.878990610797956 13.35259708825487
0.5166029957317297 69.80943273312738
