201
90.65991126738331 12.378824373141217
17.97533892676 2.3980225847799908
68.64448255168737 31.28332183277146
86.12896512455993 87.62926073259447
31.306233980596822 54.03480239190779
50.192235321869994 1.7462087372167479
73.87367478517602 96.27159384785526
37.418476464963426 50.27033802520461
13.037396325661788 40.172527107151865
61.51252335627443 77.32940175288692
78.55630078222195 49.88441377162225
70.36890605149011 99.29161620213597
99.36816609161862 65.4841301647931
74.73582993552682 55.71312678662201
71.02768653560264 56.194273359699345
31.765378940087697 76.43396589732512
18.404323814616276 95.36327522385744
99.39396613986986 14.595432756388572
18.954159059861876 52.37295521510114
0.9427939502729354 45.05932975001075
47.80420398877268 34.02784351216685
90.11528782991401 44.160716048345726
56.188607997060146 29.079307617510143
99.06370552300659 98.76701766641936
27.824070297247015 4.815478489633773
95.16127113367484 54.895905759789606
12.875259226838287 4.014362116818216
28.903117572346915 22.736252294461956
73.02238491437808 53.479509317819996
32.937699664330445 57.42495509580249
53.8919188437578 22.463282345258627
15.538945239018298 29.015141486802463
11.71695857740972 68.2005393468692
27.287518039426395 69.18024734872479
84.03777177370684 87.41520342656246
77.26597699509371 83.13164931056475
40.60155425509326 33.571980925516755
65.21908905019177 97.44812585427952
61.64474528421779 74.04209224046909
34.24413880932594 81.35010873574942
24.412258435152346 22.584601468363342
79.74072066047997 30.65642826534424
84.22806695991116 16.187132778412973
73.48897259111595 67.47593431901858
17.2991890654677 81.5382985522376
84.84977586806428 55.049160357192605
77.52824538045911 98.81428193824362
78.04251542324339 51.57088497896656
41.201693601419585 0.826006632153653
0.7211970020473579 51.295943871584996
26.584084642854044 12.278356197755357
63.177648826844376 60.525743004865916
62.42729816898529 6.311631741806312
20.658062391545286 45.538915831485106
19.031215564501725 66.36090987767071
99.1788559593371 58.016361460842944
65.24181562863534 16.048642817031432
64.67746626165739 79.37116810100329
15.620086439652903 85.54453897569857
73.0966332233765 64.27883611049405
25.189444968977238 28.46445435147864
50.91197048254067 27.562355923232673
88.26790465174697 44.75134706565322
84.91912270945802 16.56263574680903
1.5786134060005175 75.75985892263124
21.947636986647577 86.67775293849826
76.53320831573113 71.31947482867356
9.376217642565587 71.62468770229957
11.924448237280384 36.743742564145506
29.71182885727439 21.030244563902134
20.73230886365185 55.8098594839446
0.6081577873812138 15.932076373501813
80.60393730806045 9.026839409704968
2.3173063687983775 8.842435087278878
22.415433557391584 95.76170004809383
82.25018100640742 59.65918773776252
99.76113915153427 23.37634615111892
89.66846933158548 23.303668328486694
90.36957471327682 62.81729943396223
1.7058117477398271 43.11039688707166
45.643106141848136 91.47547498206006
30.100677019594137 39.51902727268679
15.86770739774791 29.99303913101844
64.34271529802783 21.764517122148852
64.66514933637556 43.42159228196607
70.60461983944832 97.8366584696943
45.217748857670784 76.92619699967982
20.609411870188975 39.062122666916224
85.64459347931988 82.35988474384199
46.25873082755499 92.85348625357145
86.26547658683981 66.90480768005611
33.946782821949505 84.52391270778233
13.48107174486447 96.54145163140397
69.93672865760462 12.223925086107457
57.89661542110952 77.21709892468795
60.07829518184952 53.90861757848807
66.41076220783853 74.44448190952725
99.54424077772835 0.7101218466367021
44.49428915933208 81.85866277052246
11.777123228375963 63.90997336997402
14.393517105561537 57.506459270058386
81.30661413450999 8.291123712945414
76.74084102787882 90.34251669240369
43.010383359869664 73.39410292544353
89.87612094003514 70.2698235009687
60.486352163350354 19.994789527748125
25.08916336531266 99.701471930889
12.39205939532787 8.463159038830758
28.552132282540633 74.64713939487831
78.7668200141087 83.85017893272324
52.86012091670952 32.60276253177521
68.82749983752026 29.59963368032662
82.7038195276254 47.64385648150663
19.460414134589954 91.78463376844277
23.07580354479022 7.515804723702257
83.45383349536209 97.18375224300114
17.807016352118065 13.850036887541762
30.84683696101258 22.855749545448056
15.541735257312062 30.681768214954708
26.97200550947182 66.60050645314209
60.43583294800098 97.70422565882177
23.591742342633005 28.959343968908758
82.4051545356222 35.77015522463295
53.33144349340665 55.066520499765815
52.388204982778895 85.41418951559977
4.971584926914463 24.94138334030087
9.839828936754847 15.266840670037496
76.2221595708794 54.14627570440088
97.24569435931012 52.83272823915047
89.25567019519517 18.822777681847803
81.23289345081064 26.628197472510916
39.173195357675304 62.92207776325752
85.5119572741138 53.827230477026056
40.0966659450765 30.037625112268007
66.69389095471125 76.260236652124
68.2681040508205 46.63122455770229
34.67931059455853 8.034661402003296
69.9925086265071 27.042351307517887
13.786150864673985 50.367940714010516
56.60082279414696 39.25044878717577
43.55662655706073 5.353739529999324
81.12942350584285 73.30508950687525
77.08755253507778 89.26729479566808
92.08577517055406 77.40377880217153
72.68766522852947 61.83976253069229
92.29512516997218 95.0864561375014
67.54435673087951 57.104629681087204
57.7220851431251 38.35278594633154
38.43886234044357 44.02995493404626
9.908731611031518 32.09595583284043
20.0932874549837 44.2613000335774
87.93488957364563 82.61442969171692
48.53092457595994 27.18369809287603
96.60278225442276 79.36502886893787
7.574563162882331 60.85708560502869
53.959834636433314 45.25945663632081
32.483591377969475 43.290762210266465
11.733335213333895 27.02066283709995
18.083389928615688 62.747435904668706
83.27097840459204 61.98927636771834
42.01564077811797 51.88809385280655
21.168071773229435 93.0811008795412
88.86501435773226 43.462833626602546
14.557853246409568 44.529915696486356
54.73547268067153 92.79771501885406
59.252337598939384 55.67096093099051
79.36115498958063 72.91032391637975
41.16862631419522 40.39846454451392
20.133538805278917 23.96892733954019
81.41788636322715 69.23318831781538
4.917879382344292 80.55002641812314
53.64049189698855 51.5544826034672
23.4257642855755 3.201226409734892
9.274258813098267 64.3818706289636
61.705222499745496 76.4625552279038
82.39196343202828 30.20231709380129
16.648973342546014 87.2650276698821
15.135103218086332 60.83321351702151
4.56484053035523 27.29644129392279
19.36676110543226 56.14749736734509
56.051913300138104 42.94909856434621
61.24126136245357 60.37294293316674
19.009837749514457 2.0325451730887956
73.47267508010282 18.798026199513828
12.148458429904185 32.018999211343576
62.34301255695135 45.119467582205
75.10623333221197 17.045293912933023
61.49651731340402 99.73645000172638
13.119425940993123 64.33562743970357
37.48079539729443 20.508514040432157
59.89917960395641 85.36362330162052
18.660151722324525 18.957323615051337
5.420235976985954 33.315117347837244
13.613827840053794 7.730103683410738
19.66176329395625 17.3901419240693
20.88424887615047 21.75604471353244
41.675140866665714 29.671906379402625
32.21146312812239 46.00410178919254
6.494937533863232 94.46194652925911
98.65509791347365 14.953127359599193
86.80125844562296 46.48760288775716
