301
56.16226769062392 22.379316671529615
47.107901312319754 36.80025795929171
61.384070833638425 94.8302708742087
11.038665637809931 76.34475243355786
93.5279311376168 29.72716615213593
39.18650426301454 4.922254040884011
23.183347160897092 40.52437987167664
40.88457823221695 48.30519595558127
32.45824654184513 10.104793870451289
17.957907934387062 79.87709337999492
81.14591441693479 51.332532990374034
41.93501115641289 18.23202584260183
25.51874641441765 10.670604008350093
74.41835532919556 98.53753939493905
94.14860805995858 3.9424364618966923
98.34819653536121 95.05579134616076
60.47426108786011 21.780248073158425
55.55817598984362 27.844124876762933
36.47128564805725 4.479008591397582
57.63603375807486 88.74323804899062
91.52886085148134 27.352728943225536
79.1868025272841 60.50351606109389
38.32734913593081 4.441269343493259
82.19564260029608 46.39125476490731
31.025894874044525 54.11384249884905
86.98104840649253 88.54706640275887
26.274054418560144 64.53106657382953
68.08725161443175 54.74307918674279
50.77933381803567 51.552703844053404
53.21761634404858 0.3265448700002449
16.26820105116966 62.93922135537071
2.8358804134161697 8.996658824401571
51.06684596796589 41.96091041048958
75.77784679941108 73.45416912886161
68.9336879574728 5.372812870108579
68.9516888511583 96.49649851241166
98.46245278639665 44.644766479654486
51.634928864297706 33.92742056244026
3.6428478449272106 62.88754561489153
89.12867054185266 44.03868486597315
43.033035585021096 33.70737721605461
63.29526528466156 11.40523766707543
83.09271459112199 23.496605443236994
18.36973115037296 51.52353654648509
22.157320799487255 82.41404519570594
24.51362411503516 85.11165575288095
7.544395707502249 88.6108445727773
65.6298530342329 70.90366907039198
71.9692157634597 15.433313168729768
27.55696576702623 38.70476605679261
62.72189649558379 41.73132198759837
58.21969395988098 66.75140904742281
0.7726046065872127 57.78105500825078
23.452131948084975 70.01145643530744
4.147234566906599 76.8607369247224
44.77917777722807 35.58731323856129
77.5243294048124 28.874038793544308
81.00884138737187 90.89676025979924
14.284798018550726 24.936096349742165
78.53926406400144 40.86935610442926
71.26869115736805 74.138258356756
64.80569708787506 58.72360361045735
1.1362023471485516 24.110263264055153
41.60639511564263 55.5840548205308
58.63729053433456 3.024072406405731
10.031396166667417 73.93155497228958
60.17923443978675 49.7658842606546
37.71316136048183 70.22836141023868
20.902198745481005 51.75087114144979
99.75108528443447 25.957664563552118
3.0675570987941048 1.9902790051090746
15.348257000959443 50.893941245531515
85.74964495082578 65.26924821836741
83.05190016747443 79.34630634721896
45.58064421273089 41.90468639700875
47.09780992989035 67.19799791351248
66.54048695662854 19.104732152971494
98.94304379541691 85.9275372537711
93.16619403571686 6.37841253768655
80.13453006334937 94.37202646454945
60.346659625807064 96.27860983838508
97.98691023898711 45.36016101375688
20.16525930716957 80.62292412304782
55.1997365200409 95.24125677612068
36.84868319335632 65.06708884185205
5.837927020085331 26.448730361980545
8.84181574765176 2.2100700300314746
31.58228800605024 31.432445084110295
95.63984611227517 13.57379876425766
92.89924470532958 4.748428354390322
50.97758065830743 23.413376361450624
39.38766934938547 80.68903916698393
80.1942624806174 56.51675409655987
89.73609460925641 19.70526745544383
50.133802396412385 71.68769054035214
48.91886857736905 34.974283343233346
18.78590224022254 72.354203012388
61.64698628402947 96.26357441507946
13.359406996004141 49.49541202237258
8.288172159738172 25.075980876854597
57.51314361650309 34.58208341634491
81.51354946608369 45.67092331209703
59.689247743746364 57.92430236224436
33.67494153781507 99.25772936577857
62.11039057750287 45.48909886787676
5.140797442498457 38.496720440398114
68.0409784155595 77.15635098299411
86.65085870198456 52.92687479958158
58.48249465101749 45.61578213723092
62.061710375755595 70.6029419761869
33.783652936958916 65.87641569051094
70.1652012669955 35.481494169992075
12.910123097290683 23.061885008756843
8.223607017317002 31.480313724900487
10.49486516172694 52.4566355925561
26.147386381735906 37.74288301066466
2.5448144734252387 16.00761110330128
30.156711765207156 87.27882619545103
66.69581345670025 88.15795106769802
94.51132684420399 73.32332637651776
0.02730964267907421 41.37150579156644
41.35065530824286 56.04713134247644
64.93005049494742 31.681211476336955
37.36964380433654 25.242389191425463
16.99054525838426 89.92624250433832
59.64202354722142 91.76051292770047
87.76170103427853 64.26014647741812
27.884211603869968 66.32163786147281
80.24533003117912 42.524688036437176
29.66229686793974 49.21369842028675
75.96825494085829 21.52405963158568
2.054577048078843 35.570111580934835
98.01020532099083 74.00816610127556
5.019706616614128 45.554570639396296
85.35607616453807 81.95141150996702
23.63680192486597 93.49011095907808
68.80261655823121 20.977019402554088
74.30563376255584 84.36850542815418
68.10892234878159 1.9682281717506411
57.968022339014524 10.964054015719471
1.7402122803015452 74.33320918338687
84.14612075195804 27.7545786759569
40.61957822996413 39.65490580030075
32.64038300116996 21.086664907012008
59.858205901608954 22.89715745840256
31.04340535545509 51.19894755232425
79.36191716907727 66.45341507698804
91.52193416916111 73.22134246027997
62.84618380247326 5.951945590472407
74.32276999161917 41.840321552447556
91.94247369057717 72.46565064097382
65.94638717312203 40.84472859768438
0.4766949419371391 11.323240245141463
41.832555493196466 26.049434440424545
56.686555019020226 20.35869667142339
91.74541640230358 62.983939115411815
25.521462386647254 32.32334585633835
64.38235192723172 92.8987037020382
42.15226026894639 81.35859673375668
25.72383890950252 16.55956935354448
4.560374454945371 51.3490941228675
54.86122230096697 83.29872210146769
63.09440975916883 18.915121902663024
63.81133918952414 2.8520107225681435
17.00946029542757 30.878666211988836
65.94651717526206 43.254750367421124
46.90001113515769 86.3708745720405
64.55435231827038 25.128061168198734
46.33895928360001 94.27514118956353
62.479226495465014 45.920202483105875
75.63815403227333 84.27116280680745
55.4010132515087 40.20999600033295
35.73766229285597 50.30364607816323
45.80152977690845 46.086491283417764
73.6685549128796 21.002695969817054
34.57222245443321 1.3972046221028989
10.476227481336153 61.333073448350405
90.59933469518134 50.0457750477984
13.201512129355885 14.938834595256568
85.4604279359591 67.97930080183238
64.16051470342813 22.87357679808383
79.62334701431965 58.712263987903114
74.44558223327117 61.462615442266355
7.5018417009579785 3.914139383604598
88.31259023033144 71.98805137483346
99.90551276896922 74.57153241426853
62.77510104783837 60.05048868367994
60.05419167130093 10.321667633642651
31.93684652173031 4.606876536805959
92.3099979981653 36.55761823494043
8.636605890714065 8.851050753328082
91.03840085711391 25.04878134300217
41.891009864507545 42.61149461892463
9.822617918550137 98.25729872482592
62.84569197706721 37.576990321947534
23.4792222401646 0.5040740231695762
43.638569033979756 62.65147687976626
70.34350164513398 55.23472808306163
18.540608294906534 52.99231804713025
98.79855709256941 20.8398301151855
27.18337479259607 21.517374470599936
31.460912420204036 19.232542693603484
86.59656187146932 35.46551774899031
54.67427259476844 82.16630941921152
45.119722386473185 7.464265114188596
98.08306965782478 21.176209689650626
35.183057115546475 59.667708400534735
87.1913972073215 47.148654864747094
76.87869559247574 75.37557361543122
11.72573830176804 75.280983975077
81.43740109275454 37.93935847771296
67.17720985206196 7.7093457434690755
62.85109388118221 88.51273121799879
57.333814411767946 24.78397231082744
51.38579994794159 85.76031731150984
7.115891268846941 68.38029228506802
20.895043216230068 54.01006364749066
68.87716289738188 62.16921904938425
6.715005179075928 50.145413295147044
1.7885159816244722 99.32846497010443
74.58978924940007 52.44806316261486
86.35115798942768 95.61076278331325
55.35500868683082 75.41910601580246
4.8115817330202315 33.905451610266134
42.17349994916639 40.898753421229095
41.189257415448765 65.80044808947771
22.30467024866637 37.314145416940306
76.28882135981002 64.11688964291929
1.9465905134214756 71.07331653143011
22.2275623757618 36.75272221217263
17.287679951526158 18.251473705536526
61.08184511951013 60.64583732058877
20.275759565805764 99.80987105055455
15.844821183891478 63.4660192056865
93.61117700748343 29.980217021218238
95.70558479718227 64.77442283334547
81.6503336422238 39.39533601017209
52.26620317922244 22.50416496173403
26.256415708672552 46.653329651707466
83.96556292957358 99.61231160600357
88.32162038581055 37.56071175163604
65.92376134666765 99.5882587978853
62.871798095565204 68.70997463575596
95.90951817502587 47.45079341104977
90.5130562506524 87.27982775550778
76.16689463091737 47.84599158644778
77.13952517706839 79.23217182228477
24.08908462533472 73.14366972077224
18.67682306937095 12.378883785058258
33.12149371656269 96.94877920540614
22.751523716692535 52.91478696569292
25.817365139772587 31.651341765778174
77.48190257841905 19.16238369928851
66.13088667465685 5.805171420126165
47.08273844478803 30.977347632831354
25.891422194759006 48.514942086872935
8.673189537746618 79.68779716239052
18.320152563897953 56.183022713375806
10.957501831151784 37.256737411295816
10.629347208720851 40.185369390151415
93.21096437437069 47.787042290241864
96.8137705910884 37.0701365319855
15.993842882865216 9.147748007396029
23.07163455309984 97.07724584052266
8.627089792381126 52.01994342347266
57.430495039440075 81.2130773260963
2.1790296840970003 28.64212071107253
20.10651036583424 29.982522511503873
98.83686170134428 50.37244384552888
16.885045235335138 21.93094363305528
71.33033865548768 8.26442731622251
51.57818346568537 65.57949590257392
23.25238105477857 88.04392000278844
64.75971333081334 92.12188182770461
0.4578347085826051 63.53694178606306
8.261038465015137 56.41126269269202
87.0086625022128 49.08607455964563
91.17778739126285 54.77741261191804
5.740838491241718 27.767127486790642
34.25890900390662 67.79841722643553
60.208074278769985 14.081672078587504
68.02919957987082 39.268157751460386
88.12793595396671 33.821262014873646
3.891951351676548 13.090758325515761
96.45952105205808 77.14969552285663
86.28978565654268 14.85534391055513
31.858533061478056 0.19414531948585
41.123021860427414 85.96170317998478
74.79899556844688 89.92581466796943
72.48372490097724 94.51807583473084
66.32698363826698 50.1993287275177
62.64904284071315 88.495029836203
82.6594062396679 24.69583992410156
52.66941753259755 92.83242146674546
74.79877393930789 82.78669928749883
37.30152558548638 29.482663897378114
5.722905449686455 8.667142049889643
91.68310109086576 61.87785614250424
94.6324635055929 80.78646106077511
45.765189123217375 31.29832242462911
82.79716435459844 80.06055227675479
