401
4.170355560047334 13.993809212650055
17.899855445396717 30.79510685692155
35.76729678019983 46.1618668847264
60.97550527654523 4.811071153087731
46.95178266133597 56.328394942131624
73.94750681055618 50.94676616881051
28.628846435926057 26.763888683645444
82.14397116545234 35.692548777987945
26.84472624942901 70.00495053434695
34.21990886045242 41.42552261018939
8.127391790633276 42.138217265690024
4.591024725618576 26.87930108852159
6.345138918384741 97.6139052243946
25.699630929365835 61.26608477174985
27.762977049491887 97.49293751914476
34.39751927392163 34.3120282419506
82.3710840704779 25.38975046108536
46.829727483307984 93.13952018388585
26.710673426279065 70.37217290515926
56.30993264548698 75.76477351753957
4.393930154412617 11.180803141993112
77.37725208248072 13.345701935496567
32.28475173975036 5.978425304672951
98.31470723136799 65.3296173272884
0.9839633212796683 70.05365121362837
91.56495712273195 32.303984794963945
60.895050709562916 76.22857426967995
7.689595199030852 29.54101679874278
4.703852964467991 3.774618247531669
40.06383647658869 55.96056950594802
82.63214774918526 75.25720989105702
63.95295855244601 29.210485681559895
22.82171049715316 20.061572205878885
61.31195301759803 18.1648799663763
78.19183017285766 74.49940384188454
60.60937917111227 73.86478146333994
62.16271845595064 72.48736954259535
3.6829614345602613 55.02986261249497
80.46758957210824 99.55574285042943
99.02910236796517 32.37456631773743
94.34126942023262 1.6301658845905287
39.65624615940566 13.168956493725158
29.42827035506237 3.0741971847504934
32.212430674269385 69.53996520435723
98.90775835533978 67.34851338230415
79.02362772611228 15.93599048857126
69.25080752816095 97.20009297208446
23.750394683048636 97.43962364120343
44.32261133608818 99.20205053603624
92.76867665567579 58.43760432135707
36.339632286303846 20.47685335368049
48.61063240666938 10.986072596000717
45.359763573997036 47.810942108437814
79.51630718426993 64.41301602625173
51.86223181618966 74.53685042188654
59.965817789032286 36.591599757622575
48.961182907509404 51.259836663160144
63.333004593921395 44.87932316239367
55.637683501505684 44.24954568200701
30.673032588265237 15.686667375448703
47.08361650237155 43.42808288996445
59.01126726851504 71.8350082113172
13.865575659550933 48.823866630935576
34.20449395795182 37.39818662074739
96.2296518177272 52.52643716460634
4.328601860011084 13.443351627112444
26.485538046213374 85.70951290705725
20.251694466489077 16.548248495208373
21.38528583815352 84.8946341465732
95.08203796102968 76.93311556712543
62.121749398025706 79.95736236614532
25.204135732480037 72.33502829614426
28.71741198163582 85.54124104229042
4.022712809967343 97.04825445577893
68.31330860246553 81.24535083748991
49.15413079820008 2.5591562851045913
57.67584897496091 88.30741317643854
60.94762699768891 71.97999977352376
39.32846235698319 2.851272296547991
2.8365767422825594 89.32014249978296
37.73406491944215 15.921486893260928
74.17769744453308 52.68064274453528
3.6804309015061376 1.1104701706446396
76.90115061277044 79.48604479833247
42.968477162389696 51.43386390414393
83.86888421086759 23.883562580380733
56.863505802113664 79.94278902649965
46.122696721102805 3.7138355528397615
38.72885371404726 79.269378128092
44.65731971162895 45.833014454536546
27.284566010163392 5.705512079473096
53.461478930564 44.58124105855641
11.347471877798975 17.513993048852463
23.756114486218472 4.549956886930295
37.57447150668444 46.07722805614492
31.448396916954636 72.9425677298533
72.15743128293893 1.225939499318307
0.45376812161075364 58.17936579773328
59.664625739378174 31.864070440426595
24.536322134369403 31.18008710590836
22.949393119327276 0.2613529611803389
53.661031958958105 94.29461097722195
57.405920833525094 69.52566386738198
90.2989149057697 37.8780452795113
27.630471703720172 15.788954191663452
46.269060167475075 95.85936221536234
55.72104132863359 93.8364797683615
78.78082459725887 9.752839653230572
14.770998877842946 62.519404792499515
27.935974269434972 24.948080515453785
41.379246279252314 80.39702155237754
70.94970977763818 87.94090303769177
99.78167255808968 99.17381810713017
50.75441251490278 36.146992516830956
66.7265657141074 27.752276822222655
86.68473319029188 2.2956649347722125
79.3178751380895 67.29729845296615
85.1839048013582 94.84491580331117
73.84984614118576 75.61779982778592
26.158892554800328 95.53895406446232
91.75123226413334 95.91116399428394
13.805485577827614 98.67186561574141
85.45491847528604 37.95961800426103
60.98090450658504 1.634755900816065
24.004924492488612 29.300576487716768
82.9720427623997 46.026576550344366
34.83938162490915 55.056524778838615
94.75892642936807 10.89110121223541
93.63012708564226 82.8636312694959
38.429969975857325 45.365456309550304
77.56309960211827 63.298548377449556
61.94183211413098 53.11488063305787
60.529406677439454 37.54390210795292
32.36192485210297 61.64796952179722
66.92346892808058 14.426375729256113
73.44406779548899 62.557085107847875
83.25757676192758 51.38959668077603
90.23902115499848 78.00160091686872
70.90061086334397 93.57399163887584
62.503379801424785 10.715257046733818
63.52350653169139 31.511400100857422
49.94621620083025 25.814370898384176
17.45142417037445 49.75323591892376
71.59109706451578 12.298638678137175
46.92539980271471 71.76183149157413
34.5326779160356 43.59023005765453
28.689010385207347 30.42772165218003
13.350820663654762 2.107335983418712
63.82754905465913 35.04670198055258
23.224706519454983 95.05619468427669
86.42282862159603 63.914917157308295
76.29283735825722 17.905492986868275
5.494635192102459 9.792731717005509
86.77147694164074 14.566586750837828
66.32334118625212 69.01828146449584
97.39173403603911 5.8840538382836645
9.67110414164658 28.06827710100608
5.823041921113081 37.4755602773873
59.05000023533123 93.25918263086048
83.77959792925176 17.87685039917266
48.637655526436376 68.63356342329948
31.295226802114662 59.24685995492378
79.1020599981296 41.685257049858734
54.855772507654166 44.65037537283288
68.30513069908196 98.48602979965143
80.91728102327468 8.254610621857761
91.24773068353194 57.16932996813012
57.47260159137526 8.681707944549954
55.97189592773798 37.20191647596069
51.30247694410184 59.00428348721475
0.35760017233240626 93.05233869061566
93.69881184006765 89.19260531315551
91.73581080410264 55.00824869130461
27.214413585791252 69.74526503089776
22.38731464783378 34.95175630395264
75.49204886693238 72.84537608502372
10.419462929745492 54.33984603037831
87.10090992532498 58.84293299387476
88.57352135978259 35.90922052938205
32.95095712465959 58.51285649973236
37.156120880267416 7.692603441704426
79.13446736647161 8.87286371931486
0.41954323492877643 44.43782275393791
84.39833406971483 86.54940041472612
22.811823418690448 36.790898193762075
35.74158842032443 81.06390365801266
29.43581382410081 49.51855339689346
43.0460612050628 96.4493180367601
98.13821576542593 26.020923495952818
14.883392604287094 86.03246020551771
75.05091846749573 30.25866887423383
12.195562084874389 38.931907582217015
34.084995667217434 71.18863982452194
12.962582662406074 95.97485953700527
62.25654164754603 97.73049310596184
21.249625252676307 43.85110032815793
36.02491961485003 64.79858568368606
69.19755890889456 92.81003969757704
64.81648350755177 51.30813768874732
94.80241570858706 59.200823168140445
94.38250510584216 7.415317655917331
65.77821311897807 15.412891966536845
40.82207940452628 86.55744568690258
69.53207914793796 62.18003635596173
34.17146392397134 84.73000177367946
60.80392031436972 85.9707979976858
65.25422508835962 41.50689602967022
42.56101174434769 96.05084139061509
13.752901692606144 23.25321117083505
95.33225718229798 69.43168633292652
45.98054531821786 0.4582592866090973
94.79539510251352 21.448871762482636
43.20063394596164 49.054147165392756
16.773310969401923 90.3743124407105
78.30098597465826 17.341305144108542
59.2774997639398 91.09875940438691
47.0488125107023 24.878478411674397
23.2435503524693 19.12427775335378
65.15134859722005 97.46981118100497
71.30843997501614 60.56348387516785
27.53031333369482 43.792848836770034
57.56571972251796 2.0536023036623274
23.71791284971454 58.05199081717267
17.748302470173062 74.76953941140397
13.327523643170014 39.502641395668036
61.21954023564504 5.695913350561687
80.55266821171027 55.52573967377743
58.291470692543356 82.70374837232379
51.18843778609098 34.86895495327105
19.11452638044847 48.98287692229542
2.944089229617375 82.40184122152746
56.60744237039083 64.82848784377424
66.87200706383 78.18544837575504
46.81003604861482 9.591913618347881
71.30855471987745 95.57394983105047
69.31808718232134 59.18808556364923
24.805459921128904 4.693090258975197
57.28600271918432 23.513748743700415
17.42684411425941 66.30235518350305
12.512674289308634 80.87946307218743
61.17107734102111 60.428729659827
69.43685477770187 71.78317851126104
92.37251065527467 30.189624373508362
0.6773656786010829 65.42093270984061
90.03145983781498 9.681891200050918
25.521188236704607 30.88307816078517
74.26661411451495 29.31505061387152
61.52766397844491 47.98469864740697
72.28247454892171 26.698276195120286
88.17873018242442 4.239504771993962
21.933247543553303 87.17577077748905
29.9052719266647 6.176588041850051
48.56993212120844 67.88536644559902
28.612019831556324 93.33622770452675
61.93118884547524 32.021279172774285
14.297998004601265 49.37492197040078
3.7342431160128253 93.68580610650645
61.372850487569444 78.93516009375105
77.64818511707266 97.49014452540918
92.9512787598148 53.45867258116063
93.14724309049181 65.56890676254683
84.29814408089156 88.96936505713124
54.63796686826119 16.29826169071842
16.298952941722533 96.56783818145779
51.34550401849338 86.73439272806154
2.939714514321645 52.707457907291925
28.771800009473026 13.999547412990287
89.11804518534976 13.052453945240917
87.99405250625624 58.65207560622824
5.162948951585234 15.508353030222032
15.714206100569928 72.11371959304829
38.91963949768503 92.39958276981804
96.05945719139942 53.98777815769912
21.676349647356908 62.35060130207265
22.75690770224439 6.221026449688294
42.35928590346172 92.34875496498121
1.4819190350772504 65.47407030910374
39.50637921796276 34.2109712079761
80.90292333155412 9.334434390365953
40.751459784599206 18.82453064962433
20.379624865058044 85.0614933956375
91.71992987213389 31.011674812125577
94.02848865382086 74.34958546328815
5.762451331647556 77.77685720467166
65.46554016831365 3.39790251464569
60.00661170767633 6.593265493043532
87.71942544917859 24.06927410501012
64.77981252158773 45.43243793777174
16.444020304899908 87.61504649092274
1.4870177442219301 12.117460451576068
81.83391738054247 17.528118312427544
59.20932154734179 9.42208627477008
56.88971167833793 30.989206837387616
41.69159796642731 52.65311740324837
72.54234840809274 51.05726278856923
51.35182568948795 83.82552022934078
85.86162069982441 50.7635653347281
42.380094320337314 96.21556047057274
22.87085797343145 80.42899413528075
48.807921675554944 4.168514875650143
86.95034567102384 78.67093388456483
93.54917622317274 63.22464445421693
9.612655827576388 67.58292335445859
59.492498254678985 39.56055924118645
47.80674628455667 72.67574354447302
96.50845517119913 87.20540272637064
15.87248940740591 86.95742194073186
37.26498416282031 59.99938715161238
95.60608371423733 52.524283838578945
4.581131117476733 21.523143352985606
65.84514143619278 92.41714027416276
67.76465116717051 39.02634382022169
18.900728187245374 19.58642197803281
6.886734799854666 4.1132715441050465
23.854839989593945 28.682676384553197
57.74035343604442 42.28398588040143
99.78266359208263 67.53012738840201
95.50636415519755 53.01730956050369
16.317322021289506 18.26625033767598
34.15296315026097 72.29828283647362
21.01010552630066 58.612059749272326
97.3805948831145 46.04239450600629
74.98199481815155 17.60518157288481
59.3961198250567 55.91887499140613
89.49456120715844 85.98045356030008
20.462705689258687 47.388461153205554
94.86387930738988 19.590622078041775
80.52101760304987 16.140139931749285
94.77408997216487 88.42099378674048
70.06036983138777 26.61208296308567
32.307929152721684 56.2027494138857
27.76999118078799 31.845632511648823
94.76639844458782 47.697682005649135
4.681848928173271 26.215433750940942
94.86880191559955 55.02118396431166
0.9572075694186721 30.20546838662189
23.076285188091063 22.83258336769839
92.98519841962982 41.95492550963703
31.501221499830223 76.5198879798187
24.986649642959602 6.7477951372158955
93.72502452002746 86.41382411850346
75.81930078745795 13.834462652065527
47.91946561470748 62.033565693081904
52.329428981475765 6.072847676389315
38.38290689241353 6.905609520431288
13.301837919933268 19.644848938289428
62.08943719376362 92.28780382741928
86.30528681312745 35.448499480677306
35.5642458883833 31.342416595616918
58.50275235095245 42.829281597102096
35.42791990455877 48.640725366675255
12.377962655958497 7.549020298780951
11.317894961731822 72.4295251673481
94.24765402037762 80.16605308731482
60.57387628190081 27.490941563311655
84.64198569071056 77.13918561829183
8.707373635499094 20.455732434640883
84.9459893531248 75.40110156027411
12.666488410343813 46.59251721556219
87.48623088016627 80.43265181324944
50.65842161940965 21.904539402928346
73.81101484991528 61.67703986859758
15.248871957413911 17.870684425360782
74.98969477921324 23.26668190616209
54.57667075448972 12.534381762137748
28.89253800003113 47.305828038536916
50.55751517754643 19.679579537249147
18.487349643261453 8.556776327383664
94.95148116893778 47.55164836142649
52.263938171792276 68.66693643095613
34.9190736228849 24.982606006429076
35.276568178312814 86.24223172061436
91.5271648273649 25.29390098011278
58.34815343943922 30.029613156120906
18.14926381032653 43.11499175486458
45.03038601601976 91.03713240021939
32.7645828188864 85.05002077085123
37.433315007683476 6.172269408824227
90.42611422564475 41.55744281055264
37.13026556207546 15.71721872874826
93.5713044570204 23.047526082416468
23.4717385572782 74.31574140566582
38.842247785635585 84.46325343274921
94.20955250756514 79.42547643196912
66.8440340629209 58.411354350004
77.36100598972392 77.03231430475634
28.396804130647226 98.12292198522981
88.98888631875973 99.91808957314223
21.198687001879 86.96024127123114
12.00893018046868 17.99005497959678
1.4015354233535948 45.23474981216018
95.86720136274847 52.57917444261271
23.30244526534282 21.978318887327397
53.80988134953508 59.64943719440533
51.441964837497444 23.2492149603052
38.270012204465296 42.11770548311994
41.10165399466232 19.62316747964111
43.24454390627206 39.72413003748122
61.96118318285403 55.96472021449988
17.428672046065785 72.72876308028984
98.62980798576666 60.1558342349975
