501
58.04774865717898 52.84185365076669
42.56638793610976 41.15056825629131
31.746508977632192 70.59790817686141
0.954975395587776 70.41057364825973
90.8581020852196 36.7189494531047
48.449798372865615 50.60110320353194
23.492042350848983 12.077954187370633
52.87434777803178 14.731276068619303
85.4006040009653 83.03291640173224
23.246769437643522 11.036949231127002
93.09290748052005 92.07970500788683
36.871395300366785 37.2430701533613
84.50191719764797 91.14300448603927
3.8340771850438604 69.9015179715022
85.00749431229401 68.3892273272337
73.82378696630624 13.577340703890716
12.325561434455047 61.92251850791944
76.42737934094208 53.94540287409981
97.68463556124017 95.41148388037534
87.64542543032448 18.980690275037126
69.13965929365705 93.57522772207373
59.207382314102915 90.88756337678255
31.74828716220448 27.423650706905146
96.48184196713655 98.13031216733182
37.48132947148882 86.63725221723249
74.59598819376004 96.50354449747537
91.94614592468024 26.42588708763882
76.58268280344795 28.198034172777973
45.99507312929585 47.71762555108502
3.014515539365925 80.53970353009089
80.95052639428684 15.006939646249096
40.53522009704859 19.573333659177038
19.17604867008397 22.640632488905222
50.52666456110618 3.4781486316541432
67.19354622051263 76.85059230801251
85.0472323377676 58.92022084671269
4.8197225944981215 45.987768006511054
88.13490173459742 43.723291735180766
50.79269450197622 56.95149457851949
26.09445934553426 84.65201396062145
23.63499338198266 5.227960451816916
96.91696581419781 16.085712643053572
97.05009997964902 86.6913636532958
47.5967544838637 70.49064671861656
59.64946492346665 88.83850570457506
97.96386003210813 5.1282034374133145
37.48820027917446 40.92440887849775
59.89729404540678 7.148523964139841
87.3792385680286 85.71346033429879
29.61116623830651 82.77289882241978
54.167486799244266 95.94001049791933
27.05488800627258 98.19910980779089
58.9438840747269 85.49389824880397
57.6479188440559 59.711220443137634
27.688737273659527 23.756876395080283
23.852584104459606 46.87612235558151
20.416500498451562 87.34989001077125
26.178726468369952 3.1917917459974743
33.009292151008495 80.71885948292554
25.127068035325017 55.48845465918942
94.47307786746589 94.908528922649
1.7590193231770468 26.634543590743178
78.1678277014779 49.25268162361986
95.75004425815956 73.38002753436571
75.75110152975365 48.102101576086376
91.64779295463711 80.27394625548723
41.929881788277456 60.915979339741945
66.87308465845538 26.802240111923027
50.03095285007445 44.39494205915354
91.04072628214165 69.19903192326201
45.59144890389274 44.767042544588485
80.07850791141102 35.82440250428062
9.834583592089608 62.206454333051234
91.90259371224901 16.147194567439314
27.447568391124356 1.9806871467984322
3.624045400307918 68.86070318978364
63.394343179368285 56.206206893458834
89.79130354618148 3.792273682194003
1.5655204369850795 86.99067957704865
42.61743017472374 67.71404144710444
66.21000481307165 22.769936950342775
30.68626330908876 13.660856025877067
53.651081397643615 3.9931910264384807
98.23254394158467 76.16303152206247
16.97862427788125 38.83586955801549
94.2116832618332 71.51568819548393
55.85745617146915 69.94206012057894
44.82581178546084 89.3644595340751
76.26728113659192 42.93972753289147
31.55639668858616 55.948428775881645
57.5149855509103 66.03241599924982
97.33490991404071 58.29643200436535
81.14349981966772 37.6922602328903
46.493198749813494 15.093092994777479
82.72494539199229 33.24330962530375
28.83591937036809 97.73575562399589
17.06961637958552 85.44501431477859
52.78230172747047 97.71146371945437
48.6797656335476 71.48119607592425
52.400386372760344 82.12850457897052
51.0598424051725 56.40432817733691
21.29470195051998 48.041016349387235
79.37937218724123 27.68508212685544
63.7983880074524 40.40664700999487
95.02040377474789 15.873651991491833
64.5720357149052 34.291376891169946
70.78225618003057 82.99459391466401
3.2567107083626756 83.32223673542458
33.32587797382395 52.51553712048145
74.56904078976825 22.183331319078338
64.68247709706951 67.3576479168153
41.71726036756609 40.169619552692595
41.926725594458624 80.29371271889774
68.54995921444433 29.534892302036518
94.93713099568754 39.558760293881875
11.416788763372043 98.37623900607313
37.772022553198916 20.08379633641193
65.5271703960159 12.674093499770366
66.68807020340982 62.64787654670483
71.97606742184273 19.935767544206684
67.91531855614541 15.000789265959513
18.712722054819096 27.310724860046896
33.46442801410872 14.854794173753394
98.07366530301037 56.39178821307951
59.17802281678265 75.71712212544472
24.046980197918 23.915120537819444
5.323903654661155 37.78432978915244
92.90413368456856 59.16736107612657
41.13527156830465 62.84029457152539
79.0760442856108 62.50216829675443
65.97699473309373 39.41130004416554
11.591850222605638 55.26865116359768
30.30222673157216 92.3666248630346
86.81943119755366 39.02256458743365
58.367952181479744 76.71951308482959
96.0499712361342 25.31084773820169
52.71111616345644 25.4184982533055
29.62729113394743 74.50717891730595
6.971042519168169 55.60694535148241
25.44257723098794 25.302205283765545
66.99376862883241 55.25582481534895
30.036421074685514 39.477591489968546
26.477898820046974 46.359713613207155
6.811703007703529 77.7106238402637
68.75932557601895 45.0131265201802
6.2473495872289675 97.09675030264884
92.86464055621416 55.752992076226604
33.81776609755991 98.34113141533683
28.458075887147306 69.33017478494114
29.325734642756807 12.546144973570161
35.35365072236196 51.14187755777901
69.50936953915922 48.45376021385028
12.029527855499966 26.98106501562465
28.462795916329554 70.7481141884695
84.69438772089454 17.748964949034928
79.30688867896926 39.414664488848864
29.398857186610527 96.76734807998031
80.68538630506416 50.313134550801585
84.8365761384612 38.727380769955545
59.78547219899378 37.529674199920215
43.52526002945749 33.772533762528234
25.9490313062652 97.14503681630356
83.44466823259631 27.246094917006612
72.52512685790869 23.312070255792726
83.32299701421591 85.67936328558834
1.5928381362241284 53.11384923894913
23.400703686277414 49.52068244422577
18.32289574744197 58.32126620267763
83.05757441149915 24.789650497574268
81.70973899776645 11.483514769357617
24.603691583656794 25.46784159534581
33.947499695130126 84.1837437063502
74.83981635055744 77.39029927605581
75.21612086514085 31.418203971266912
46.29910800974574 94.79377540653539
68.10733463614712 7.913217000417127
87.42759159412388 7.106734122460001
5.862192805227617 49.61139556912724
1.7287808304975782 78.90911637926048
38.17655839184664 62.19206368338423
7.942952908094814 13.658616082661013
54.02902174544153 23.464529708939207
78.07076731192008 2.3260453350649968
99.09724504327691 25.150131957815248
19.36430459178682 70.8624659768186
57.674431806023875 25.107603345645437
92.49037794075716 94.67240474182161
33.536379881837405 44.969765555150886
77.8747974912383 94.43225703805706
93.6314858143756 13.89274612851452
58.01070126615818 20.315839547800095
65.84986492129654 78.23595357467578
4.488717555066335 25.133760018388273
54.7483808428001 61.31384962314459
8.436072631453529 61.2189736994705
91.27782132111129 14.133878895111774
97.45324697486528 40.6936168942575
92.12631297182672 2.3812250081525432
66.32650891297186 79.84342251482073
85.19827982647202 43.693776836532436
26.630481509373638 71.39140072167524
25.711968579586387 56.96350721971155
12.272820549395714 1.4175902573226096
82.82208164530115 23.955520560099842
44.8974860180865 14.424141632129029
19.270629173658826 68.06078138216121
15.521642803515935 78.21866043740037
30.322239506309767 31.689275734295375
71.2480296916549 74.52504806796017
43.39806862309003 81.68407146543525
90.10102955064326 98.29721553520297
64.91744138998531 39.627914228012386
61.745261066540515 52.50501390297886
86.20819069253915 24.569697397635014
82.94475438187922 67.24965177359022
33.8368695201694 40.47626990454785
34.17816170171778 89.13181839238405
84.26532281305032 67.27241387608606
7.992171421798755 37.080865326698934
54.87418657489115 80.29527681426846
40.24121184933562 96.57208216724857
27.711004461901357 0.8498159656647575
29.82176801379022 40.90096867762075
22.250751933367464 4.2510575968608855
22.17598578276131 11.12043098886315
82.98678635588413 8.111001652082717
65.04339456791973 86.43917409831343
15.88409113536262 60.7131954033324
47.40772467714226 35.37099860475863
99.573392643688 99.48038215125783
58.277429642845846 93.00876507417503
79.21067667292085 30.970800441449008
18.369822235059296 1.8220329300196014
79.20236826103874 18.74694033266817
5.36316959983274 10.967800217649637
22.684226530124107 75.18595275094725
59.73811351864493 23.78090130050312
28.201650415162227 32.51010407542139
4.484146630464614 72.49568826579869
76.11777852131787 6.456334008453579
20.147406800565214 53.1538017060315
48.64327818868313 70.26303842903164
66.31399249236034 86.21145877295614
85.66806397519672 64.19090232672086
96.682499727998 93.39129761406772
52.44322400303355 38.58544352555535
71.53625054057602 61.81025949202032
73.68900207836852 10.462954303943196
16.41502048427309 38.350011456794995
8.95690891142621 6.453519130086094
54.79771553960282 10.060475187655648
75.97773753925189 10.952293029384352
54.22120581550036 5.42939450453761
58.71504781052514 49.6095536581346
37.39950170286297 93.81444561118458
6.959761947701981 73.48896506885086
78.6825859638867 34.01519925462201
6.410935230992376 5.451948870276313
76.60076402072512 18.003085091298253
46.743837143023505 80.98147316460641
29.250490541198705 19.8669992134787
9.84834681947937 27.75653686534746
13.802818104937685 99.84524773929151
37.99845119351134 54.28689432624554
6.080813421279818 28.53385294171069
69.31307136960562 62.823379837643664
59.93591101227091 20.86088258940376
83.79415856314736 61.894308072537996
30.537569887621842 92.08200026075059
53.812172235523605 92.63778079637426
80.71466672623573 11.621398190863808
56.155344849723306 2.58901961910869
40.000284062228864 72.05993628745615
67.2835727245151 46.84480959286913
17.461590811721848 59.448343079741406
3.026803592749716 74.62176344733736
19.465331377747543 96.52911303598725
70.41462869491819 58.58489098535722
6.703230511436753 46.923430426820076
97.49026308610014 22.90920550941037
38.13776839155809 0.23062371691119354
4.360924110191656 15.957046601441016
12.65756067280428 4.264685094003518
10.605961761880668 63.39910995964867
42.98835242407394 25.627980859012823
62.40703640285954 30.383182229833416
24.1496370010017 9.955909740469536
32.184189317034885 38.82235989771351
72.50307172191502 88.56073913884732
53.33777175375587 69.78181536519405
1.132187535892848 68.82209997510796
33.75677601924647 61.44219020223118
29.540535105879904 66.92764320957217
12.352621491381132 55.259502103895265
43.26706504588693 36.192174145234056
3.6925257891502805 39.15876323292786
55.49232578414296 96.26354951919458
95.00539007930855 81.76083892438363
7.212486283963793 11.203387546819677
23.14273298453071 49.76023426253775
33.1189455386794 67.67762797993333
47.353271036966696 63.741227480081065
38.65657798103581 50.372751383263925
81.55103348063292 12.150776763052395
13.63872457773806 41.978673111956454
74.35960248565463 54.45057615509579
71.73474199914956 14.65655279972291
8.181799737667195 49.06097936998377
15.361224255805661 29.90692220271076
32.92392877878495 28.292093785100768
1.274221972568923 67.73714801383342
56.775449614275196 43.38234352708332
25.339532124259133 2.579749730756953
26.26371451227597 63.78974174546269
87.15829249714326 96.55954654804346
39.427168420567874 13.985324086957107
40.485453483924594 41.800572298529495
88.91707823604071 83.448420261239
1.2371693532690742 20.832979941253924
0.08798288578631963 69.41739535992872
90.44224617011352 96.70920200526506
1.1157816353222216 0.574840184536396
19.356210583886423 6.081880948775787
99.90925029768206 18.43707525633207
26.08058603695045 1.58692721587399
77.78833921816326 27.399854858266835
77.76113738488492 75.81133415757392
52.11643827781336 58.19511774130035
0.5855079218232029 78.76804722044344
92.19518244473598 79.86846309112832
88.46947766465895 87.29560517721583
27.911853480841387 60.18715013694764
70.1884530570321 72.34726011659384
19.45214660903116 36.607549378838364
57.25706280292261 28.15926203206872
60.012411204671146 55.71163701574755
18.699620072834456 95.55162079431372
75.17041726247855 41.4309496049552
18.50377955344432 30.585596116034463
47.258407696775215 69.52324745389605
0.3024567292583824 5.878030721554628
24.77486512991699 32.05506877686049
85.87986566870804 7.149553245333928
80.4010358106994 43.19663385867304
80.12745784758819 25.8246706806189
61.057165062634276 11.95711225035364
14.217281010398075 9.67921219048078
44.40464684547673 54.33049551127686
59.919804503505645 76.64674373721616
5.983676048193509 35.706229170086836
86.92096594004526 93.7500008758899
66.370863970456 90.37184065998373
63.34122218642536 47.24899217791718
3.0732991667596576 75.15182516088052
0.9503246008093602 38.39463074009929
92.03486114687428 56.06834695965125
64.00466652863057 0.21925809163094723
24.47690154417438 90.29100418559811
44.569467193012734 8.020937818343866
52.7367488185743 85.09832353405996
90.89580946642434 12.18010729948642
14.383014954429962 54.552251807095544
16.761471105663507 97.050301046351
32.323931244885884 85.36599773601026
37.069137615272176 73.22857990594017
2.1952803102365137 18.18215052290991
42.72078527876212 78.47770147975524
92.17393882068079 83.43180787875589
98.22312333160447 36.04386778056955
57.35221411203675 70.19859480956468
95.10823655359974 20.717160415265933
12.940328653849342 57.68115250589304
82.07314735160594 47.452429224374214
23.771123889050514 6.622756969869503
12.191456244386867 35.31955614211459
11.138297875159154 53.71120102290238
1.1008193664284072 99.9223561526567
65.99998089226723 49.77731220288303
90.41783855136177 98.47028720255854
30.828555259250734 45.39790136611144
64.92726830116919 39.248260160677376
52.628003622549 36.463798841606966
17.49316422953936 95.84859122037035
36.87366892939449 34.620295377118296
50.513660147540826 65.53906041263501
98.2957189720342 75.24518908903445
66.6903081542235 13.149271337982505
19.08035638810972 40.50360852856421
17.95642242296016 80.16421359771216
70.20540047720712 74.13303468949896
56.781192620691144 71.71677109602527
58.95907519656175 9.059148360090852
23.101123239025835 14.707412593979729
89.26674417692385 50.36305012461174
11.346622814637296 1.0000109547628089
20.754696306797726 15.69727199543889
5.497216529460259 81.18575975856007
79.0622902314751 72.91994747458787
96.637641287965 88.72648248156484
57.32899381889545 78.84321851586976
16.12214761454179 1.5262741249506995
57.48122947503993 38.53068777841021
72.01718640476805 3.7877243873014055
14.763314555830053 89.66108032377997
4.462560530333648 76.26117584996899
83.56747985240659 33.598478783077454
70.75461798197698 59.693342143426264
95.74938932212018 5.695612461089949
88.75482526269978 64.75464019443561
86.0704977195972 65.70373867992836
85.26865301675441 70.83422797459882
3.249087802247952 27.418440262249245
9.309459488954719 57.999962438627065
51.271008156059075 74.44487959307615
67.14228711117653 55.247029016087524
84.53566265290875 43.74591305988944
15.589934093573499 21.175901641716344
79.62229848826962 96.12694775716017
97.98252983045647 61.70122868423604
10.160504754512434 6.513961801195567
55.41726337832449 89.69879530191697
10.466423509890777 85.88114012679692
33.3536878415154 38.747618509711835
52.122891079800674 83.4726942859109
48.450569891002345 56.494766448323745
85.46501202353579 23.81774857296928
41.882523839063055 88.76894227787304
2.0892811096756114 78.6950833851009
89.89959547489961 64.2531419330879
62.82507760625873 49.427327620139664
60.0847964852003 76.98960007159165
15.556609266941035 94.01940565407145
6.091903399732102 15.492286753938
22.1806682516687 38.49115968455804
16.735343338305743 6.038763502037692
48.203412795982516 85.49246801984222
74.94355160434282 91.35604940906727
15.073273607079907 42.7515207684216
1.2810441319984878 96.8054554039697
34.954692737465244 99.88335601550197
65.71945603419294 75.45971722944627
87.79690591420326 70.70455294025479
98.2689720321877 61.297172371303446
15.817675000417509 26.02440599835387
89.24675847305049 53.3715651571351
1.7976332600476375 48.077515623966505
38.20076505969905 94.27113079765698
73.87437487179078 38.56839168214432
35.5247339970823 72.82120367128637
68.36427731808166 94.63330382579468
98.30182935128884 18.590337407700254
14.463312251685457 19.56349613051923
28.006914723025044 60.08839131802194
82.73639470537219 69.14544040445001
6.663351933999639 94.50798382017838
66.9858974548833 75.32600166533399
12.131355620883323 3.0821474871836507
24.327940267001903 70.42148445828728
94.71704233668687 93.26647353862215
36.92180939496835 35.875998935902274
19.058398323921153 11.992527136742392
48.592722906063614 79.75365607470135
39.63548767391788 36.57533299205219
25.355701353607486 45.735977946479856
31.095846743314638 3.1741675510185474
10.28967918657344 6.704226174585315
62.79262549195742 5.430107320930833
29.4040811508423 38.5756703189693
74.5292480944477 60.973884059487716
11.376998816573092 55.13802709765924
20.830728059858295 76.60446768636734
93.50897058580108 0.35895188431998015
24.24715446700563 92.47189944690672
95.14808121804793 22.690643989814042
48.883535663899245 56.36631816159361
34.23356923491492 25.917639064705277
35.43891294153509 71.65910108626205
65.60456700313604 2.4987712222081293
41.37317838255341 42.33380584743538
97.86910985446778 0.3071689168612779
25.453266913177906 7.825769528040249
24.909320326813365 9.270351721994796
15.646924899048676 84.73046381861421
28.27580061286048 93.73272513899438
58.890856544698245 72.94024423905184
57.04175965222533 47.65497231209187
76.17150505211569 22.383893470382443
6.341220069336795 11.273487533179981
45.59752593812281 87.63165367502536
22.49491246847507 76.6421313021031
65.27015408018431 62.8886117916385
19.28109064365371 2.768453150713379
49.23604392396071 80.42940489847904
45.758973430411984 35.25737222501114
78.77657256509637 32.20124032345234
14.990605406270097 96.68772088676396
40.70340398649764 21.427041039287953
48.74756502310406 79.81448011387913
80.7351110717185 84.06690100626125
99.67100851346797 76.77419459757925
30.371130419432358 42.753731084024096
