601
64.07118546103445 56.09076785989854
8.146400753074602 5.509418733510307
24.32375900108026 65.28306806118817
82.21008861961946 68.95871397047948
85.11508079504296 96.42234629437901
18.823145350608172 6.5193701986351
77.66914374728906 37.286242494991164
32.255394234928566 14.194712917956497
28.424699309306956 82.02814442668667
16.598633917034366 94.7088436973742
96.50166419242554 54.914883239399835
28.781476349686418 50.05077539704392
79.32261963569613 72.6268493330472
10.627783925854107 29.47243784479532
0.8071848322903419 28.86773810475568
48.887720960340275 16.33196902322297
18.56334172567209 6.1780014870453925
68.57729581843074 29.86310623686146
29.376922889753132 19.11932297742638
27.565292118485797 78.54855082216636
8.838916064535896 40.49123972855197
23.48805848533563 12.455898001101783
46.42150364416907 60.370635073399136
96.70805801199596 38.98096274046622
79.92853913550422 26.74941783390975
66.68883760526907 31.609841785005067
16.274936083711932 21.763108566950674
38.82036502102474 84.36676339470755
38.328424767215196 41.52972906996103
7.257225238141296 64.45474021343432
1.9527382372630187 95.35576016879475
3.764962839762298 57.76029604958709
47.50308896172163 20.557863987630498
24.369915441938584 90.09959070828725
32.28013353016195 7.453048491338043
72.41627026393816 31.855983339324546
19.6063408136689 27.10605651548892
73.66682147855062 71.05736825582511
71.79701638067505 13.121277233118578
43.28576726667879 93.9626627809788
28.773318316177342 88.05334900378725
70.87090997951543 45.11457614314326
1.1127277636812982 17.73397747250329
99.42051110267799 62.824048776619094
11.988107346546917 90.95457285285326
99.68470164285385 89.27752788314646
29.282652373246766 47.9970661073181
40.22579138101639 34.17900817655527
30.70640564260817 47.064315732112284
24.43214517496154 44.273058201375726
70.07918111828218 73.88699807345962
47.2738872184448 55.48160377191914
46.62679601622586 70.14204283895076
78.15920651689034 9.3372157562563
38.56444764728557 77.82614217881004
16.74785681704305 30.65766807633593
89.1791230022749 4.488389035690066
17.403524939385807 29.144952856579454
92.80729679092651 3.0268481863890084
74.55955421179806 4.036387086138626
12.874529676510726 67.08118508779309
59.58612116630637 1.0118624312300595
57.29333884127223 0.5248672301786494
31.71317615356394 70.61786399195553
9.292219557929204 30.6328426222383
14.246669811816059 94.58247393369408
24.23611553276288 49.4124570221773
32.94361795407011 61.215191274630975
32.803208288137 10.40913526204399
3.062125807342153 22.49049818919503
65.38115128850865 77.57411889227821
99.88302052975698 51.83432543677675
23.71726349630826 84.67881780402715
21.219010645652858 38.93626955730245
99.28406938637417 24.179174990358522
75.5761217066373 26.692740308107933
78.89188421113167 85.42936111038645
67.46187530153563 70.95503129112477
51.42869436904392 29.00870699525043
38.81952419533986 56.925076464213255
87.11892004063306 40.477521924863446
1.2377904571863052 3.5726593642558924
35.64651021790767 7.290067191202176
19.29073850975962 50.931143792617014
4.115253024237386 43.362009667775816
23.076752768373755 36.05230981536738
20.260679318955 45.27012714582386
29.61243944429738 95.19814250956571
57.98922148685934 29.58369501802256
56.25255504873444 80.51087159248715
53.48783520512757 94.88068305510652
62.89490535724839 38.36390194323327
75.4863824286223 11.921117664914194
60.05005710509844 69.51198027702212
59.518837399701596 67.76138923005752
17.639735097895283 36.88525906367601
25.44500501205391 81.6716926842836
63.62526974311776 79.24269803750623
62.17000749228339 34.448805602270696
37.44945003853481 92.84389615203807
58.48626928361106 30.052392930302062
20.168300066487667 98.58173017981095
10.950030590126836 8.473808997934995
79.71884346545046 89.7281376718363
54.45868431098193 50.795758997985054
86.8351879559058 39.91346371081558
80.50569187300552 50.96834058137081
46.98622803249201 61.239536214682566
53.64221434848863 86.75713534473792
11.153732152045004 58.99000024397356
69.11825937930003 46.466124443093925
84.86258004265292 93.95510791841872
69.2790384381623 58.128014291420925
85.1424693348242 72.2052669014916
83.60210906410904 57.67053530734264
37.539288498515354 96.15231452504513
78.02063763524365 74.87965317390345
0.5335994101284602 3.441988449296618
14.069532723212374 91.3269514404342
52.08711051743416 73.79125303131853
16.138516985030115 75.38652582068748
79.57268662526593 0.7769756848082898
73.7261101035377 18.059140586823286
78.38977000746364 4.875520807922129
92.82814511919297 44.129507616098905
89.64202892901424 0.08735980210419214
74.48761974791333 0.9692925200433078
74.17287065764735 21.09685095456111
55.87325824731567 28.56741067850821
76.90755454754216 46.141056568111225
44.47954067549195 84.00009802249217
9.774533852942358 41.15402135857031
6.393624200117943 41.585420834529195
70.82313073520622 53.916805727591786
25.578219633705533 14.969244693934636
78.28400794212459 11.006332449469236
93.61929215052245 94.12685172166493
74.2059637382477 10.43947796568383
42.88559003740412 29.718010654293693
36.3091113994238 91.43918633702339
72.32539851665001 42.29784938963351
71.22390610829451 13.566414913379642
84.90952437785951 82.52271308295298
14.968169260787267 88.68613593882755
97.0245552754802 96.41979503852758
25.912328587529764 1.4812465065501157
60.71882977677987 89.0679162193084
18.02094265709243 95.67452516379731
49.595226323417265 85.24034941309719
85.25157113179465 34.47108239775937
59.12465876519091 47.585627034389724
3.544272361901357 89.38478445140139
8.878813109875782 97.51502953892172
88.98838496250468 56.11255800857894
84.49208176135227 10.379830584484107
76.74940960109844 49.03817403731144
94.90325616982138 30.40962858195654
2.332965163513123 31.470534265098713
82.7254180374843 74.83869979855979
35.687813649654544 0.4428274393176945
40.19064552325765 80.24497848201342
56.99676194858596 59.97170636116454
27.030336803779655 65.54435394445932
75.00837435904754 66.88957868890671
67.04588096538512 9.224833582809634
7.328212740273033 92.41759932713741
43.50680963299618 23.457424792893644
99.14702327909417 17.28148825713425
18.820584641213124 24.367412298034587
47.84340771569465 7.381009166352548
23.332978816860084 97.87771204563013
50.88275334841459 72.67949970189972
58.67248076953746 20.491089792461324
11.481787196526817 52.682767901157625
72.44090418654771 55.58122614830222
89.76517937666026 4.82417702912773
74.46208241304643 5.524962835195879
93.19432488049085 67.49238724440295
50.08521412874505 33.349621640191096
18.590328027127 47.87084336123472
70.88322636551754 31.23545262872751
19.801037787372156 52.41047013262812
45.34687428897445 44.620572296010394
14.28455472637362 52.338825772660016
10.12019602036036 2.114567454451355
83.8153186058988 93.64978344597037
56.58569376734128 17.20702173247638
14.190713112008558 91.79414683104939
84.507946002671 92.01903918960149
36.74980827727005 89.51720743730583
28.06810065341131 16.90113656648854
46.31547430216298 19.25656632319621
80.18259108057664 84.48140152715291
90.1950185560216 77.87541073526279
82.31438615460334 10.290162067589293
21.68580159385848 78.36376348550837
76.76430729890215 66.55817944629338
46.16886820721453 87.94995588529201
48.17683489212543 53.190313532372315
53.537169453634114 69.94417082359286
31.476337122151044 20.73330445091908
7.491125182457092 49.92554257048861
9.91205142862066 9.171625883126644
15.885580070585137 97.98619567723439
74.21254057320418 61.71461099674486
65.07881229226273 69.6321513817717
64.46671248217707 8.794603323061356
81.4310779338962 0.5973245870087407
24.766926649069376 49.21019877751785
26.17873106100458 10.629606874847997
77.42189721679816 71.27546047404032
86.86019679354655 90.41683660272166
43.56196513489826 45.06652850952341
45.63349081099861 50.24925988194965
48.27255830517567 81.86017954218781
78.60285991716046 38.991568942874
28.869508944175625 91.5564648665218
61.96410425268556 9.467249391787124
45.417181108040104 12.192778953877925
56.52155203168834 94.74053185708263
0.20373698951489105 99.77818254883304
32.002114842791954 64.08111225650676
16.142238665167408 99.51566257532764
80.601190512542 25.923220143813285
40.80941984194793 6.762982618431302
91.5501265501545 36.085557285821515
21.77339418314389 40.570905730436124
82.80490306029232 77.40727979658342
40.51396247643094 56.55742415254258
78.98218981947936 73.14549938682215
5.754381539489928 57.901852513150345
75.8317370974922 96.30546246375708
44.608921607234485 63.47463596178184
84.49811755576707 69.28928478775586
2.91103900547226 61.24186308687898
26.148596515022916 72.6004642905394
23.21276251229829 7.135254687177595
37.123679745422336 86.14318912263384
14.983545007029297 64.80860053877252
26.13065655281488 10.369258719434294
74.10718090888231 62.96983979072739
59.85959800572523 77.50634457819707
0.5428506496488406 96.0204590527452
55.126100799201474 80.80978142436737
55.040259114057186 34.46649032860023
96.59218310458556 21.344103589828656
3.9805455533481915 24.815529400609048
57.439038659055875 1.8153506045736068
26.829188873667686 23.395523320311096
26.233854987325067 47.265778189209605
44.01197261995621 29.45865018523208
28.306972884201166 5.61445616099846
61.099061744864215 8.130584728994572
12.046215091964175 37.864036524679534
30.973869027614032 95.81052229012461
28.385288677954858 20.139989503534284
68.65315639152475 20.5765972786064
6.679599506564449 95.86730301130139
69.01426530983714 4.799477007327646
73.35554112184609 5.437195078301727
46.08477120085717 91.3819172984973
86.76877500910459 86.28224074597931
1.56164032984345 24.01144246535467
85.5246760520056 95.63891787539733
67.92350586915771 57.82677804578186
25.50572563356498 11.473796046634988
1.493751081413952 85.23057929952576
71.17004634239143 23.911614057413555
11.198574253279403 38.297517080312005
77.06581194439107 81.68657090924725
27.02357076164801 75.78971457223066
98.97645776492271 50.237009683356305
53.2140525900308 65.45645426722855
51.66759252256246 26.02976213656435
92.02950746618127 40.904580945350624
91.22395669649293 86.52913560075834
24.44221351899275 68.13281222252408
1.1757811798688844 23.899088992845307
41.33590670606113 54.29783510381083
71.79060684165489 64.33666106384493
21.376943388559877 47.77558976794939
31.593163172438466 35.96054922048749
72.17340349217751 31.023496886361624
33.58862474693494 67.4983952006584
6.672182900485879 67.59417402052368
11.926764477001084 3.8638940310767866
98.59414319736646 76.55810076374979
58.66368045237421 75.67198262725212
45.74429735798255 12.213420402471197
1.3536606168726761 64.82952766320497
59.017520676163215 60.14709515170035
45.240927460048944 14.424137072307563
69.5409844623071 63.03394328869176
44.7048492334787 10.20946248480612
11.889072408817935 2.4244614158181466
79.85637091001439 84.38227798827137
95.36385666174948 44.46087556889431
53.5997950902767 79.46167251876179
9.65442365007666 94.98117357464294
25.429386033983803 3.2587786769324945
57.80827831159271 98.0856343172865
21.656310838328597 47.82534395530613
51.87353604022018 16.11412236988957
71.10015946747632 72.05948645329332
59.17317030304552 34.27332317905856
86.07730283518231 29.62125355318611
44.19072886603823 89.49010739124748
64.66817332550396 50.557378748126645
18.446438542871856 12.512509711928066
98.17693932716635 97.42095750942418
54.401608879741694 59.26524937720542
97.62113960659818 74.17704752099885
47.90271959688683 36.67150316590121
16.923621994375836 59.45834602508677
50.995275005223064 24.509659924981996
46.60086598038671 76.75949787164689
90.4808291024559 46.73080018381886
6.102623275449492 57.88110332396557
22.065012044952304 30.24111749283739
46.524706072975356 75.15096411987955
24.4545899719393 45.36936459338469
70.92666751469238 29.878730475128457
94.05717717961197 87.4782922694531
46.45939020668038 37.88248077372421
50.64887065494938 40.91040598503888
22.9049223588359 1.6112931509496886
12.866872620108694 30.221952232696335
44.38346672765052 20.7281041221029
92.26227690371965 43.715520531864925
3.1350402058430427 33.818641692648214
22.44586621126654 83.62774693555863
47.58647703433322 91.09811455271517
78.0228557885307 54.39106410079002
84.46755920684512 71.56160588441982
48.88509983221727 8.299756037461481
2.4764335036497 19.093070081297338
78.82311314435493 74.679633815949
79.31176874379993 9.166565033484531
22.89625707193276 17.831419866981346
85.7052621732134 76.32825806678126
20.677825949376615 54.94470154153351
7.656901935038574 7.593339843124003
89.96810052586547 23.03837235641708
27.050636697606876 45.65102774276237
48.92404824670899 40.774354768171584
10.616879768054776 98.44409285556837
78.63372799820036 69.3771819967102
2.119194875088648 50.00788713868432
78.23893761565834 57.62836487796535
48.58527423978198 17.117470352867027
77.72217493006805 90.28406667048009
48.66445359033895 41.36719918561326
82.64619096900859 62.46664644776971
39.91512644830175 40.05853423888991
5.660318075215542 15.795465145639264
79.6422875072427 5.9912585785910295
20.938396060086028 81.58134943393463
74.87616099132747 85.3582024319539
62.581647389803905 93.70788894001791
35.63000977150309 49.097181089999495
95.23918600534317 86.63880612506108
4.203574179636949 31.686536058541527
25.55169124387575 89.93171021458974
30.779829045908315 14.677266296135006
78.04934777605857 16.6871681608296
96.95221167621432 10.04594952843073
76.20089460285065 9.273490761763515
39.07989916082404 5.951780817951535
92.66665802468634 51.628583255108104
89.95986905101215 49.39140101371782
9.5668550246379 45.222243773393835
64.66221376464574 49.714460914057746
80.3101452835938 94.60498115836363
71.71277514366182 44.80769106352817
46.48946258910179 60.365669779962474
23.169409717834565 6.52704695747971
21.062956524322416 31.205306458087843
96.43714825021044 6.694616667299947
37.59478437639311 23.623440736536672
1.9681734435422316 1.8830628428532559
74.65376259207673 79.25206579645773
18.1666424213346 96.54604109977697
52.40968049951371 32.89169399346893
73.34826350105386 74.81474218526365
17.675248432062084 57.42751236058249
97.75251842454313 54.84532887561583
10.875631247078566 26.775089064999726
37.89920548758755 31.25975740273661
31.40657349719418 11.650565033981863
34.7901281141866 42.91521642243985
41.08311054441074 27.284847001974256
74.86946309337539 92.5652868694082
55.363722944964124 17.56255760711817
20.93890976877979 75.04041682069793
78.76806375097209 48.78152156328483
2.5375729938879044 39.74581623686595
72.65182116403115 53.46407164419483
64.63185669625227 40.953300902179194
58.15978552061095 64.59704134398362
78.8880172018579 89.3846363484779
89.73653022148376 20.866114051994135
70.45868166549474 40.02995236462071
97.01514242488456 14.12928470561602
50.29625114814542 89.18535545725318
62.443761454396906 10.405026859015877
9.672969713276903 2.5143941965734884
64.90662793031116 69.55028575657649
12.162877766934454 56.53689771837337
20.632430694642512 65.30295204819747
19.467876764210935 62.48448002230599
94.97036300956985 72.54913166410078
87.09151819212427 78.59966825162044
0.19977834330960897 49.83402447544288
85.81082026527999 2.178671903350904
96.2984598068314 8.477439443433665
69.04354336136144 79.91182759999793
53.908943076282235 88.1536568172365
44.85808008368417 51.003120570920366
53.866225319509496 30.175897827936172
25.609401600701386 96.29790982135123
4.399189356895549 16.92220701987971
31.176853144866378 74.29005982917656
37.02341639545962 25.008698314075605
10.527360857216184 10.671500432118053
74.0321101482482 86.33554566405198
16.78933583589959 82.17337543226833
69.13850494644163 11.627518484755994
90.82727387420633 35.526709688393574
19.470467571042448 86.64942203869713
53.905392058907054 41.17100395588098
79.9493596205253 58.253410317890754
35.21839779879311 69.03932509843756
11.233635949708521 82.3505034559519
80.30766716383158 86.9368455866158
81.54217680899507 7.120555669310602
1.1905890989454826 37.36169510932762
12.120878554497205 19.71833221396343
56.87382042435606 5.087283198222914
95.97119048659583 49.29785440375274
16.876828284159508 55.71909539610217
31.19184255513644 62.82324018910268
12.246037470517123 23.58851898820791
88.2313991651535 21.802838178997817
27.80122552120734 78.21576755548107
42.5742682176211 77.17595696527908
72.97812976025746 98.65681923522925
90.56355260828424 71.70096497055037
39.536555811407105 38.835198975047945
57.03177773575091 60.92261410193838
35.88599520376336 32.97361734114056
11.103895453923196 53.06308501998173
32.962858987903985 29.45214016074932
96.25145624496896 45.091878512015526
46.813580113893636 29.881159685092072
51.697951752297186 11.266928000832
7.885028451895371 12.337119698419674
12.582098692856835 58.62991986029659
17.188849713570807 36.170118121856184
59.90854113167766 20.028605479215578
31.1335411301657 85.87778754035163
43.3619423236115 34.45903124769632
22.35488427172676 3.392407100821282
42.68423465338509 53.583658740098215
71.97287744434985 25.513206674045108
88.45985711388839 95.2005244072484
34.96986267625681 83.88360583829352
12.116456592450586 91.21007410220675
94.8194282593407 79.05628465046424
74.52512249812636 59.814756876388174
11.752466759778002 75.48659031984587
16.586395206754425 28.32288217029989
37.41526138192196 28.900407772912207
91.45804346468923 87.44361389161645
14.84957983750601 84.64471561790602
66.24378340619504 53.627251929940854
55.90681683296725 65.79269023575472
26.490001356672376 68.27330686486209
78.2996820697089 34.22504531142905
23.499088627725552 86.04580967351087
28.018687370476126 30.55638979624734
99.14641813025263 91.51214538147751
49.01554517909459 92.44635540398389
18.67097120619201 98.92483580591819
69.22271016810112 85.58233145893324
75.27378494989215 30.938065608533773
26.929590504806235 81.16859465771878
69.32052775946512 15.962519689747944
44.995582638482034 17.438906185329017
96.97652447997152 70.69640259443922
22.792396054270625 42.0184612956247
90.41023659268106 27.41731740007146
33.47750810166191 79.41956349094583
36.37025215383941 53.91667567728865
95.35763431017237 69.42811523857036
16.743721752734853 51.32702025122791
8.560481989355772 40.850069811542014
50.71660238619068 6.540623329248774
94.3871593629491 92.75637954110218
65.67816019880121 62.6859292302726
38.185245657877644 6.041274654881246
15.035910547406228 35.67321822803681
88.41395134606607 91.79115862713695
92.695901045186 39.68927298098885
39.501311202535106 11.64379854839691
89.49620463564271 46.592334669871725
67.71524501903211 21.539565891205005
96.01102076136841 7.384262402069231
22.03756532663054 49.82085203193518
62.90037098710174 94.63613256192833
21.352990338465283 27.43032104194033
2.6389566647863627 55.778486576944516
54.45898016342162 60.0952403032055
37.14184035381716 64.11335565110727
62.8933649244144 61.34848933120085
77.83715671821594 47.99779355470331
57.63950531204192 15.836390426351842
81.09231849364495 30.66959051099084
34.18575549985643 19.283175139350796
23.049077320785994 4.15899943674225
46.1495686465401 70.9863785187606
5.279566922177825 34.39038202892727
65.26227382393478 80.28069528383271
74.42959214219373 32.40143858063317
84.7384913249002 61.06669812579503
11.88137090669409 73.79817614840674
43.24295560504561 87.53272689543216
38.009304246917516 3.1383910876422227
49.121081457674144 19.404441715530453
8.607235165370696 8.790445446118888
87.33605101422214 32.24457985719057
39.27866715072922 22.171157545314703
10.543097820843405 34.628356469987054
38.692072144230195 2.12300755298076
48.499294168211485 49.34338891589019
88.5699247218749 35.15011598555873
26.698701167548776 44.98030297327445
80.75564548521307 14.966182556702211
96.09927088241042 43.65134395862502
3.3054371006070116 84.69695346444563
38.60958984595803 33.509782571450664
95.89286759276699 90.97206238026698
76.98912618609448 65.8378699072494
19.68460489876599 44.104176930560754
26.421653840354253 35.87840171100242
27.733466971507013 93.62017716114566
47.21068475428949 93.47348086165739
37.07657745289197 3.6429998463031965
77.5505058159802 24.35826533689417
27.76733655208391 4.340154365881698
69.4295593701203 21.749023496714457
95.31757216423307 46.228973783807014
56.02245062491775 45.54671084305695
50.376513522514635 37.47603936616923
84.20434239070923 72.14832595087618
90.54204059214105 89.8039655907309
29.25739429304609 10.160306237539462
70.68845490196838 30.669322835386325
40.73568229325917 38.833247375845595
8.303403768891314 69.24991714360158
86.6856050858967 69.47372430407096
13.90016953529537 39.249882993308475
0.6653341012097691 5.385382049852405
77.41491562553094 49.26243067378394
83.40325950985218 31.023312890309683
93.43031172273791 88.39583262335813
68.68668809316839 84.76384798213947
42.82373908558378 92.0592558242919
29.22187973843704 35.292586642085446
42.0435617309901 91.8370613324104
31.38837150287177 77.6865376160162
0.6600442281318397 41.74333953618079
70.52618344168032 71.36366134794912
18.232549657477115 34.94003386574954
42.31381119559049 49.68092537665354
31.823893524419766 37.756943073158475
42.51458856737391 50.10967437920853
54.838663692466504 80.37870675147136
13.073086143397717 86.53433972466327
1.691913576004589 94.39611006322065
79.19215333152533 70.83636953913054
23.69946140486584 46.43481528733571
13.815953560300676 33.63594293616444
83.13072108149416 14.039379649361628
95.38914175442925 27.7489684632215
45.135604022218054 66.62439097266814
22.74981765659816 26.574357761511756
41.699539007507 73.89427590070676
22.58808743607692 37.822213806847394
42.225990847576675 36.36062469429952
60.92841365288444 54.87136163270204
89.58350344700527 10.793904689225165
87.15546230748933 58.953206833081595
77.11658796982191 43.92312400717538
72.06084113451696 76.21941388162305
33.92354210534919 91.34304624291167
65.15660805309544 29.320645082993302
35.51213544109281 69.46378299778387
13.839345062551722 42.46356507030603
6.849759439249703 82.46693402057457
95.92740649889826 5.399695414147033
48.67397622730918 74.0386310755628
