701
97.45804164466477 27.046658114099053
71.32762233867653 81.52329838363745
27.52485417824193 91.01199929227211
36.50681215487671 91.44718426685371
9.187957050979968 46.00215247536986
56.42462055036807 41.36749331546855
1.211891637320106 46.128244595048294
89.30325927040504 37.76006180636278
75.26804414552966 9.306428481994411
84.64506640033602 67.47673341424212
79.29267164677753 76.34516360830594
88.68908914665984 29.55696745288765
29.54613433818116 81.67707206239352
76.07324261951958 73.87038909953901
52.572117396885375 40.22972269466171
45.53756814872195 7.45876054895962
4.22145331750563 57.445149910730954
32.843881331678595 38.12220437032497
33.891928432639276 69.6061458271526
69.57955291541586 70.37455491899806
2.7541751861674624 27.850545451846354
70.7606829529595 31.720443490924342
38.04596092624529 72.04346151137071
99.22820254122969 54.00104913786862
61.422217335179354 94.92676300896045
2.3751750932448967 81.12457434165513
64.24348493691694 23.89200539175127
75.2875201596377 0.2102999931403282
18.375264630481812 21.33593105684215
17.84238118617376 93.27738325623311
97.72715945380021 63.040355941967974
97.5480716550167 78.53590030111897
78.73372571478913 8.208121965785997
90.06658177347951 16.582523269844028
63.59627261829459 6.7234976800418895
66.45412547021398 60.18501830115153
85.43299625257414 90.38106627007522
45.651215502594056 51.63574858922618
41.241887229050256 9.731810289371968
13.490778693355887 83.0599097016573
27.935256188265868 89.98713380594545
10.335875495812841 60.362728975905874
85.75474043166695 80.9071516767635
14.391988708196058 30.121961566774267
55.99066037308219 37.53918544277888
95.36543937116492 96.42011240902512
36.00290851114215 75.67110612668527
12.177469003615403 86.05702135636776
99.45600400059756 44.61895940731455
0.4532922616514501 98.96960742801764
7.146167698767991 16.515534931337548
73.17288979956274 79.45110159540066
36.69543889646071 7.324459070484046
10.572963388433376 42.9753863053845
3.3200662407238624 26.890391463177888
33.39079610237712 81.99761055961936
16.61232900406523 75.92014669543609
54.727901765203605 90.8491949773388
87.979955301005 4.949060026019136
2.1238697595632017 70.59183546172903
81.92410035378529 97.91172219996946
95.05626978540069 9.807223196848891
70.55444003225415 96.90866613554279
79.35980523003357 67.72036402414902
97.39978088370506 1.2975142037030873
89.04814738384202 0.865651854880789
3.2162474687365994 69.36325667162598
24.751079518689924 7.768278520564831
32.21691781745481 58.071982409056865
40.53761246434008 82.07006499779943
99.86223599033353 93.36007979367022
77.3568569606956 7.213360461523511
91.66107962987702 45.89458762101831
84.99384949276939 11.086184900334196
88.23901931741214 16.97973313501693
33.10314737200491 27.241737815379143
15.024592859675556 23.543214781627174
18.191036788564585 70.10017390621071
52.16937898539945 93.44911267124218
7.661116405840396 72.7843279347249
3.723285158987899 43.269914020857826
4.401196762245519 28.44295728960583
52.954597884956655 84.93144138462083
65.55226753954696 70.05793664375123
89.8168580262115 9.229127068167386
56.081621090760834 40.365381109618035
91.47864671104665 40.11071284520739
87.5551575960624 63.66875717567475
35.52338016544281 57.23810150557195
79.22976196037635 21.275264579466715
4.5552712384571485 35.38223456632025
11.616116231889063 93.61260970854383
32.32637715409336 20.97617597686715
69.70256647209003 0.5986118806428409
92.91671693587095 54.03389427380789
48.80369157553024 95.33601376539727
92.4147682038174 86.6091398269888
17.890605006590054 81.01547086844501
23.120598271303006 20.926417184759227
79.29842750634425 2.200346077712556
8.711410087607685 58.728117925017095
85.32930437223291 74.29175541953916
42.34651497810146 82.85293374792009
80.8958256096809 50.678418053276644
17.567345097901445 34.500651732295296
32.72895715528526 69.30139084415069
0.7983302770610878 41.59657799199032
38.44626357764576 68.42730630708134
17.509149490573563 80.72916395974936
32.29670497915751 74.63675660145694
51.305044375420074 22.43143791402297
46.95219984729152 13.303620633528324
62.27077523259026 14.452073771792652
0.9302444751044581 82.13314459681568
82.93196589474786 12.364094727595587
78.8227626475205 7.324182502677401
84.94414797839454 84.77439615321191
95.24437937207641 28.22208707407514
55.10842387375755 53.89639713237388
11.014860856003416 8.655439136132149
86.62567570683952 30.802561432001063
27.186233570074116 79.3901572612463
21.880742673720977 17.75889754616675
60.758242391465025 72.30388534135766
17.10591396407817 99.87231305505834
84.43866205725146 98.23606735810894
89.88527833913513 75.57052688847969
39.482610049317216 25.40822373984949
60.90290227340933 69.77276853386137
48.24391035739605 84.83307456904082
46.565286505603055 69.31212470389183
77.4599593217722 35.343433287322334
32.44593562108603 9.443099418512302
77.15266573228918 55.125439859068194
50.60685026587415 23.194843569448686
31.637151622568727 78.87534823638373
60.03020389612791 63.73537112051554
97.16021103505882 1.9526864529313848
41.537088437543076 45.51900390070139
68.42994544148783 1.5578640723810877
60.58506553350883 16.667791018029277
62.712609440249146 21.767862407957228
45.4625327977773 78.42296885290618
45.394718366945895 59.77245896026203
70.870236035131 16.843396075091587
77.76824350992698 72.47654933889142
79.58317431681162 93.22127124434843
87.82588785965075 72.16543307589139
15.131916374695919 97.7666029203801
92.68299335436095 22.230063124304124
60.23619455130471 38.75326382010375
58.15496392964713 41.05329090644868
58.60602631706055 51.74901135521325
23.16771453004771 27.854216788384754
42.74035035414803 63.30612154942643
35.0806614762325 96.69512968520259
88.55577385311423 10.094905973170054
72.85902571890173 12.932291879627089
67.96533398305317 16.630678387319474
81.47908177543596 70.79958446617641
16.01987736415572 53.523044969970066
12.231344162074787 13.827021017986251
60.42233492013088 87.35757965653572
11.290014464530984 19.80991926040948
73.10336177048184 23.27515809380224
75.3874088670128 78.00089561660883
69.49213519601756 89.04587630219363
99.9043288918353 86.19017242945107
11.382227722420446 9.882098107705461
53.48858312842086 96.33725827539291
69.31942965217411 7.36724525993594
1.4389051504728023 36.026596449550574
81.11733252934084 8.689156586478287
14.925909498635214 72.1558588703435
13.766506417054591 61.60257252244384
44.761584564695 32.321576031607435
82.81362342161425 48.15320016379746
34.37090466694082 44.513165480149674
91.3153514530511 6.039503259171064
45.06801732896128 23.720728424471137
90.62740403137846 21.882344546797817
55.996094925549954 31.533710244999003
14.477092444053486 88.56644624941546
62.52663648501638 89.12365052321695
57.114162490676755 46.98184744660979
60.364859006312614 25.82228449248537
35.643782085230214 15.950348309031636
59.715143800933866 4.331152986958308
98.4845203411108 13.381868236498617
33.202017837118966 51.61094310129981
82.64531294958715 36.350714164049855
32.44268807772425 78.5755371733999
83.87514595617385 29.77954385537003
48.54396773725346 58.05858728495898
10.892880387180826 2.6281180987615893
91.48086921508246 95.6523355558638
60.71032099325884 27.803864962126777
38.383978791825854 96.43503898833298
50.17347389719566 12.125363339664597
5.741843117956735 87.70437811321477
48.705957184307955 26.05562850275168
86.92735076841522 76.97117396979188
35.82217606527611 86.22429782384795
65.4662783382048 16.480833233850777
46.26897885354485 14.389612386061856
4.3975235158345 4.97436507634238
58.80920684631611 49.61816872300277
22.883653526875523 28.430555703235417
39.581174850416225 79.2312125714192
61.97561583917629 65.13016695810273
45.57011884331536 95.1690931783226
65.12662434179862 28.61594551035529
5.8518480719003785 31.080907292899475
85.31549755657639 71.51758359821133
47.31911006178308 46.267822161197984
43.09172632991817 85.81840431058151
70.31696526930725 43.26314150866162
42.53719709045173 10.077033156413195
26.11641654361089 69.11775853349499
65.41698555208588 34.489884878777
81.85652603809498 91.10268722730048
59.057926979425204 51.28043701381485
95.19113344289059 3.8531898892830707
15.020854413505214 65.0912131207398
47.02559223674632 51.565846733723276
81.29184230632744 42.79527390208927
76.81772218039568 24.7452612656624
80.12410986579084 88.58863599602674
85.87233795272472 27.318151992681727
23.831941314005412 87.76900132210153
13.380405038980259 66.95748653673228
91.39804335256352 91.28043915966187
16.0042983062772 66.85452104042818
33.27082190835048 58.14288159543209
13.141924848599862 16.372618511409954
86.44863123393789 36.66405786489566
62.02281630715417 6.088777460891603
63.35372374271581 99.89565836041879
38.92906180736746 43.92164178699086
88.58734343340167 55.08737410779101
20.58171823629653 62.64733838565826
61.8869499068041 39.54787658071871
79.1116520622067 73.67415005968437
39.05106277549943 5.270017157857055
2.213905674977079 84.9757275516026
16.77900600154406 58.20600869546651
10.827076999747366 7.570904962248159
72.86583934688899 41.95199859343446
18.336805638277397 38.85718800940665
73.46050730334971 91.30229963807825
77.6396160482122 36.1413351546563
55.22356690208451 10.380960441710751
60.12584212613679 1.6685043961346513
94.65265813490824 49.296315685392
86.18828735730871 5.690198223962573
50.60474755436141 32.50496973770348
92.13857774087717 65.11790245291543
30.32308630862106 69.14108366463422
39.2984582733693 84.98052024333768
25.09241488722744 36.967218064178255
52.36202058117434 73.28612532683046
31.490869620481497 72.42051782315008
25.50085748000449 27.37341430765543
30.420274841597163 62.441921196982854
75.70715742705103 37.984016899921315
73.75019823877984 54.58349023289322
30.130325285780536 31.140816169315688
93.86887114932102 87.24379887733033
44.59928463292098 58.827046586153955
90.06749589379943 21.47683987372494
26.549163834498046 8.839029258819664
18.112137882523115 82.24771642815509
18.855326832776864 81.29429335977856
72.84254799549109 94.48034114908562
31.1251539204495 21.744508665945915
61.68840594448353 0.7914902093418386
27.180827973353384 36.3738538034027
37.445489075622376 45.74335499807268
50.738396403465266 59.99494336828708
54.857189422275646 46.79734316758495
73.59884601529289 84.20977014438611
49.39393049128984 57.81292150984173
83.98522163390253 74.93462762585554
63.946616084297325 35.036661099182055
73.08451939964482 16.054584330806176
90.87229512360905 13.15146828353897
45.630998967609116 9.176382394486405
0.9022622931406321 30.068175405308438
11.76013949979814 50.708752626112805
95.66910523541051 31.04981795310534
23.23864812099692 70.95910851262302
93.53050209055424 85.98012786869236
39.8639118288338 55.784624809554714
85.10784879857805 38.77740855198007
47.72633555868223 46.32515221953059
54.43642391117237 50.621907726356575
34.43366772837623 69.84402965627469
87.02293932124628 48.92147457518379
71.68842709724636 16.775991235278287
91.85219443596954 57.0394610273953
14.864170740928607 76.11116123382156
71.49880057200974 83.06441526780084
89.17561807151114 93.23689075494592
97.49324973475242 29.33870199501293
52.03086487872852 23.90550662033064
51.515139142456945 46.82704547502491
10.721426619837137 88.94105529849685
37.674854885341745 81.99433104253717
79.47818449942748 5.120205665353139
40.07682610429734 31.03531993040336
67.76739358360643 33.28157736330367
9.956737319104858 6.312353245548219
15.427664060967283 10.074224161010825
50.500380602252115 55.8726974575489
53.988376687857745 51.69558393893073
73.68270181983978 23.56398132917884
86.10319601918307 92.39158044508454
50.14297555456337 36.820267014495876
52.416912714521146 84.20097771343981
16.670608051061507 77.64206540199923
25.37054971974446 71.69239712268683
89.60631800605505 71.71254655136589
64.94532050849972 43.7365322479607
19.909696576482173 58.98649885031138
53.00160216604392 53.52350164865721
28.65655130266115 53.39442198732943
68.89640251321461 56.7919802968743
35.081403896122865 52.038353477817566
21.662187199353422 19.388483093092745
16.21914769669065 0.749776214761888
74.06362958503077 65.40450691692088
12.71778496494954 55.18759516370512
55.6817507793144 98.72900318564605
49.66902345632342 10.560874569874345
14.25342619817389 3.199902319456971
86.4714140961004 71.52957085078829
9.476688124872856 67.9234289430238
25.787952201876053 36.85583950736078
12.626096497687167 67.09690928010843
69.62853896714172 79.00850629031265
9.62206557704225 94.33547833611985
75.87610870631481 51.799862525430804
94.84878208130216 27.54784176626267
20.744609309394413 12.753036196372058
49.774014676737785 3.49005745280071
65.99310036667006 81.53592626959261
95.7998023243634 71.08258568651893
10.613391524443971 84.19395790050828
69.55300497089215 43.30891280795088
35.72308601550007 52.01988795037057
40.77144572058562 24.182516642757623
41.874671466149834 7.002944275526845
78.85239733029621 95.27540886767278
88.96070610445254 98.25227656049917
69.50081446288306 11.02237984264427
36.190250398746315 39.40346176438537
57.11698767858107 61.23014441341046
17.114247808484773 81.14303079299732
22.562247622164023 60.234835573482
99.97731775681402 86.44994023582178
8.092410282269057 65.47829110955695
19.744682135737012 90.91074115898766
44.30090875433432 36.22553950887551
46.779720363540214 24.80384658395397
28.8284376748037 67.51216106121807
46.316295347648406 9.058049127419743
77.30656308658264 43.4827445686524
61.5177864050643 79.4399500924829
19.385347593085356 82.86143446003885
66.15935679378447 66.41274736051798
10.212808775589233 39.29045098714198
71.85288147255365 38.71920625698273
80.741163635172 71.95841015789051
56.22397135181517 6.575341071661612
27.425608471441908 34.07327485222827
94.10142372419497 36.34500270966794
92.8761337889465 96.8366939251175
8.107780809058319 15.531485833533754
73.02767253672401 29.224642968227755
53.7454257648024 92.82784409203877
91.19012940943074 6.913268751022517
49.847675834439556 22.759109572839385
80.55414929995231 57.39911507767575
52.19525440368766 16.740044714900492
43.87343881764596 89.96044642776417
63.391983897775276 26.214308997210033
64.42745400399009 47.941846207907524
19.95980918026564 62.24431662119083
76.48927218134408 93.77244853093968
49.57771343632928 75.48661159975345
13.958485248182173 91.83133603743767
41.43331994150142 91.92570105794512
70.48496830648679 70.93145710787525
99.49593352210884 22.471743301808054
42.44001230635196 96.42317920519864
69.32945587090491 48.54149147431565
60.290109975958615 9.030935436588571
80.08825482336461 57.51251473353391
39.23716943541097 30.403119641075026
63.355492110323716 87.31839709243361
61.23244252521955 38.820031638817085
53.67108341447327 39.01937284585914
18.079773704230274 92.85562537772132
92.98606211767776 10.490238829378185
4.159658379727437 14.690921465719697
7.53784290621754 38.55669446152196
92.09324006046847 15.701768599678957
36.645342194569594 49.20779243801889
97.55910771553214 16.03159633113669
81.97645880705944 91.49797403482192
72.5634549709787 24.809081194909343
68.64366388456838 77.8011081983039
5.369293975840062 86.58379993632498
68.723098407722 38.06567541248951
90.02171093319357 24.754672904430407
33.07992754623046 61.872601100138205
26.748031150622076 60.59333642206324
6.346451483546078 69.02609913742835
15.644218233972829 71.23517730099364
86.68103932702812 28.146483033716052
82.64853963226925 37.31950915032473
71.67463028263143 44.88512832656675
17.7463491766086 30.253221905765926
29.45479895851939 68.85868533119206
43.257452767775305 73.61829562488077
37.20624757709614 73.24380242036655
5.588542302004917 11.990117109295628
40.174780706205105 67.75421246852493
2.086470754430758 61.32421189110827
8.011021654543216 32.69046830763024
28.87062731598582 54.953182752815955
87.74359463771977 18.2865269858823
28.456047914156823 13.410756427480763
64.55775731214959 58.41311433551518
4.6469076405947884 59.28464022970187
93.63446499557743 78.5399499911554
10.810687287976927 59.44302682769978
83.15097095992462 43.97791743323069
93.8325217127013 81.32878955269977
63.24447537777878 82.79641787588231
75.81443768492355 54.284732670445244
41.07163686045172 72.35661505644542
50.63340766395126 99.27600957006038
74.24937179586078 52.35768798291915
35.28289593175986 42.13614500846782
76.5532223825491 27.831042815641116
7.216009638458287 56.01356982049687
64.0624321657327 85.84226206529108
56.52430289968259 62.971961253530075
54.80406548209328 75.69881358713988
4.926966411524491 53.577491637143524
2.4038863050447 78.0095891163819
20.182092666900665 91.10453296969365
7.637887526776477 66.38196401413742
41.082177215051296 24.886932942195806
43.4671405260595 27.30724264073967
81.97507819408341 76.83414884421055
45.59870057680443 65.82852921208763
13.201428427678463 55.238010367631716
73.42744513904195 77.34600921401477
93.40397448387185 78.98993033263064
28.246790656759522 22.84037849518762
81.77534511543914 19.500338630132696
24.02650454968718 83.65756983211465
41.314488957824366 2.5199876899906215
75.36159352356827 36.23628055095155
11.581913898177776 54.7897879303491
11.066399698598495 33.73414571463583
54.042785753817746 87.10698226437542
98.71187302923335 68.73644351148062
74.61858603472656 43.36814552188564
60.56919883062765 69.73598496746233
27.158086816198114 29.765973610155307
68.19528911081665 95.2572106269524
44.220032379985774 53.0001080611506
52.579038106027774 63.074452414283
26.78284215764235 32.49472471753224
23.427719677076897 35.63817191522172
94.67050782300419 10.102644817650164
51.84329461052638 0.6578118433126723
3.303619032068106 96.26013224239227
44.521494389274906 16.27375255672363
17.040071295661395 95.96784634378463
67.74341654716604 36.92374774995244
65.3174638211783 43.90681111278041
10.915495898239314 12.819904570093954
10.529238793635255 37.60477778067626
92.62739453959905 84.32523353532818
22.440228071508027 20.46719093332756
14.84964494963541 92.67209038875507
44.05795353945683 15.884680999609134
52.77019354372925 25.194165254346057
18.374353415068967 43.86569911912299
96.72054091915601 93.89451459668282
49.29428174145336 86.5402833184486
86.55862195244362 50.39311767676288
99.84592988114807 85.1189184224235
75.15391746675644 1.2573897895223562
78.66813251693847 86.35664804957553
72.18395822583614 95.59570089077154
54.54895229044479 42.33607890452801
70.14053750343456 24.727477920141627
89.2181996383072 41.70522741334965
69.31641043643222 48.78437559018162
93.15073837137572 35.129356371088136
27.599524550736643 53.17529365174888
8.040333597864047 66.61303491890177
29.831302801422645 59.07715980196757
3.960651221882283 23.519051247075062
98.3752911346061 85.82283826481473
94.71769870952238 99.53592039624026
24.013013666642035 58.8087249472973
9.709683253343005 61.576184152964665
66.62306858078163 20.11289674203326
7.863188374486363 71.20873656239777
13.279742458427569 23.526334697075548
68.4274032517664 24.126114910605835
17.761780740329925 73.01783714408671
98.58262239391755 26.588589631899673
31.78118782022602 65.72163416554876
37.65057218034523 64.49556381771157
90.601411766115 11.943151625530046
33.89230878907846 69.58597622696617
58.79591591709862 28.197947215605957
16.955050700003238 44.927921517804094
91.42245238795837 98.7800406137065
46.44393611405939 80.35798269835126
78.81491139005335 2.3029164785357326
59.491237203062965 32.49711795128833
98.8431220889454 69.42068284815366
43.17442694686673 78.3575833877227
43.27250231528581 79.94868189442226
88.82783506155873 75.62030033415702
56.342672559313215 4.051824117458269
35.66418634252305 1.17460492380016
76.36088300894059 72.7472934345784
3.902568628276759 76.69420709883444
82.40922080603319 69.4459114067004
40.06745938467081 32.623248867602484
52.10932649810558 66.33105861711238
66.14759409570598 83.95676667006636
81.47002605371037 19.841940405184555
69.60510641562672 81.88247868206678
46.19243200816858 80.54918943511814
55.906667981320425 86.62677459057771
11.070858901492308 81.07326913250824
2.939460818144679 1.1788039895280766
9.137723650003283 56.38162043159242
54.44184408743489 22.716014583919865
21.24969829666855 98.99972330161854
27.747923967063304 33.21089803236793
51.8545597835605 91.8339402053831
42.185468248167446 61.50431855457627
81.24464210971136 68.79396442588703
71.75872109987242 38.646814625134816
83.31385338042988 4.834030590360239
98.45185175454618 48.59030586336901
10.344260868606291 21.291813814883476
16.536913537902308 85.91955133560933
77.59132924893201 8.509197457682182
18.69532700998906 0.35635649441658757
52.79491488039844 54.50459792947616
87.45986076258194 12.74152519276871
13.59294880869415 92.43101734573504
59.67908863055303 22.415181430542365
0.9485155523110356 8.56323375055359
21.20274342434245 10.775841394788344
75.10238059092859 20.611022052869522
36.29817477091374 70.64271296312648
2.1421083620665082 58.21437191717413
61.59286362978029 64.83546743055308
96.94753547983248 14.018737093586752
44.38752077150132 60.03997107281366
84.42969043269805 44.09447595118975
83.99851728971363 47.61010526993532
17.466797064413164 78.72317289311023
22.176950321138733 6.908741138361741
0.6036059007647587 17.73459421772913
86.35066051216195 29.554718749697283
18.528058589750586 74.19715566771391
39.634034424879516 48.20574630924149
64.42588389988558 88.00043795368745
91.28457003536747 5.469321606334699
65.53099688009786 7.625533186517741
28.629268334869494 56.24872574298199
44.90498968968293 87.98963371047832
90.55413313458146 68.53931739308389
81.0252701391058 53.014611017360146
94.63706501237286 14.543556007060488
60.5314669415313 54.949558487833116
71.64247523515519 95.62817365703677
94.95451685208455 24.653780086276488
90.54757665301601 13.34357171930649
48.71371307527844 82.87513553327265
62.63280768719219 36.95032056296398
64.91730038533174 2.922510397454048
28.765741550743897 8.811840964191632
67.72282258430866 66.91903534458106
23.609811919301727 64.07164612319617
82.90559914964588 22.40713577512421
17.850458321451114 79.86408370329244
33.82332822212162 74.57797423336778
51.797795775090115 16.611115529117736
24.30741571762568 26.453552620666265
38.89801805255983 81.95868497349159
61.85155455968234 7.722367876412473
22.914775226134452 82.69250221631744
87.36653457144963 99.63449754481492
28.610249037007694 8.166805948944788
77.67517476184798 29.26491965091371
99.65288450778766 39.89206245640664
91.2776270081087 64.86014805286045
34.74253926682213 66.14671094103237
12.740930121134998 6.199397595501688
38.9234847280338 83.22923502579899
71.46073097339192 79.03284644966587
11.41561784244659 31.591392749731284
22.062521909954235 75.93473335467088
3.456550818742843 9.580490352890392
44.229835638820234 59.740184982421376
84.36546078079527 20.155058178405326
10.765654095996236 72.49994174491363
50.261053605259164 84.79714797970614
10.427135865044178 45.56143212682421
2.2860966569617114 34.80124909286728
90.80429433738722 96.69399113733786
35.815039817743575 4.615804290818549
90.65270699640632 87.44770289806794
91.35964918198322 45.50765648860629
78.88867217169201 78.92856849133581
65.6255635250498 85.02713253402852
58.573978562611494 14.71911938550673
2.1527709730689293 41.23690522158525
92.74234841115899 85.79960396520408
26.047804038730693 53.98843566059893
25.977444706226883 8.30181527160666
25.589712443561297 91.38587763793666
68.27520989572065 23.804484672657345
92.01977345405994 2.725273955303531
57.370772314777284 37.42119811308204
57.754388999231296 98.87042453457754
10.34414739763484 25.706278509885617
74.93307081441893 44.408957560871286
50.192973521452934 41.07170056949112
54.41320060477556 47.36189237907769
79.35292435207599 41.42770982482589
94.95735202358266 66.61809772498611
12.469503281627148 50.43067750729035
73.06811613457651 98.10645745764599
33.756228930031476 54.108228191584985
22.940566884654835 77.19774429104689
76.76251486698109 28.472073755433
84.97181059883235 82.38267356392801
92.58201544981503 7.400518419773827
83.9565666391378 71.2085358476639
51.98488613674523 43.763601954241516
68.82797313846947 29.549003277505715
5.3525032008052476 25.908047785789268
9.943618486710804 50.40083938514515
17.782977251526077 51.65831082877177
45.008330705549405 67.21308656846122
38.71547506531151 55.229122303146596
67.32844615098496 3.3211256582509785
68.53819831315712 56.80423275329049
51.05147893712496 25.599848218998865
54.30635541288746 78.06864689384916
38.401244590210915 71.50626595962157
85.77814954241364 72.52929355130637
80.9539933622218 87.40758145168107
47.51920201245697 39.16101010070263
49.76160105577906 18.025436278050545
26.07445502060318 88.2852131253205
91.32165875923661 35.74991480491032
70.11483305361922 79.20049328898384
30.947311490147953 46.9466881137273
22.83063530259126 89.67702229948064
73.43444938027416 67.73694052668073
17.55582896650192 87.37326852284008
9.988595066363992 52.701424013877364
54.38170247443301 33.78136593989874
27.403691947702313 63.06741879545433
69.70788230044182 73.05851747627436
53.8370921352635 94.00076932713581
91.52238884688984 52.0963129449044
87.7490589628372 13.181722992933764
82.1001996741382 44.82938591757407
14.752425157506687 9.048741975303031
56.183198452810224 74.12414966824262
23.08570659297885 71.83395254252319
99.01350708842074 87.65809544245712
68.04218894152721 10.396881230685562
36.86090135525042 64.37339845290741
96.75552359258323 62.66015845912345
52.33155605300552 49.7622878561055
55.62420788212828 26.671510191935443
39.01091632589279 8.882303443118333
34.990831648361606 51.98530314180558
8.799897315132421 53.037452414033815
35.664476533331836 37.19486078024092
49.45528092866244 60.85902292903222
98.73097846554526 3.9501865685940496
