801
90.11958748681175 23.195330130643686
9.558473136251811 1.462044760339054
35.733518692471314 29.26505645913039
65.78003940086936 93.0639136858544
7.595597221371753 8.14551305139557
52.424809678886994 72.22978641169769
12.231355626742868 16.28088424662063
7.241671089429724 44.66541511584195
88.21698935574959 34.71013873536922
56.08545311515939 89.0136583292856
62.14699537971635 61.47320229937869
3.9772068139367733 29.807424967569563
12.881523753798096 16.721412262988768
90.83792116401955 56.35509339183502
24.527287131245558 67.84465968542825
91.24110824641056 39.17312945513978
96.44130093495062 55.6434663851456
62.25242590581496 68.8673277451064
41.655752247440944 72.41108855862605
87.76028063683256 57.56587615074918
73.45119041100654 59.88599930585605
46.476050033129454 87.10126730952851
33.18351183226652 81.44670319012825
91.80860717432854 43.29157349415463
58.62550289062336 31.42770029608455
51.26820470431611 28.123075407661535
16.4397616762917 56.6043391020908
45.35161762065698 57.508202519360964
38.91294601060886 36.23264213424912
98.55977276837615 78.3150747066695
6.885339694495329 58.700327062403005
64.67838315844874 61.610763323867154
32.63751371163575 79.19636755222376
56.076535683498584 11.434149121351123
61.54572152143518 29.112217618594904
5.392573475456208 62.187555927647686
4.408549382157201 35.455329328904895
76.09423465634822 52.23529598408694
93.46204791006463 76.06590915887678
79.90944919371455 95.03057627545142
5.552844503966292 30.72730903719205
17.726759381009316 59.1694561934103
51.28537075895628 48.738925319043844
85.2513276686677 7.975558012565475
70.82269029718474 54.092306183714236
13.741128381613832 13.639613848837906
71.42069879216483 41.001287322805915
95.2665344316408 45.18960699228638
50.14237718181842 44.575861188164225
72.64458010669179 78.94552211997869
51.43530762035044 98.96995107209477
35.21050195731274 96.84585655345772
22.828265865423337 0.3280844344963785
24.136261577828165 99.76551565944878
77.8056332070515 88.9863413743222
48.68976824857657 52.728040233589766
9.962074011659139 81.6317884104521
30.074486504967958 83.85408947774394
87.1811071762869 29.105384394316157
47.45922859340771 62.96830109650384
65.93950560273919 71.57565125190831
40.22149923487248 38.05522981778214
76.84568095683183 68.32133058581347
97.57247674909075 25.494876631914064
91.34298007084305 6.185081531014491
15.120427299158223 69.98209310500128
89.74142120156706 49.35874479697557
16.939727168064177 31.943562303204796
48.54840878147697 19.018307675720724
87.92371429869132 22.764750212800234
26.598004208587355 56.15775665554358
78.03280847416045 65.77205387282513
10.281096930353273 30.08633281418358
6.202837467222921 49.34236178161305
25.37635604920948 70.58408456504833
34.8344312237554 77.55510476300059
29.4681211485885 17.499148681931764
45.31835740076091 31.7814459745566
10.208840828457067 29.096978002089656
93.40684410605581 32.70994734981144
55.20605702709951 30.24316037914534
34.454574220361245 46.22048792150299
77.4184379852508 15.357007721715988
55.240038218539645 18.992966605055074
10.16934929122284 34.043485308609945
14.588691595081704 31.020500957128206
75.98618350142611 32.23599788142191
44.320353142321835 36.23830887745287
15.427340783937883 98.59206687058321
9.364706123402577 78.40135601364848
36.101156436062766 89.65204058915981
58.00128363802399 21.80831520889258
0.10710342399363748 58.181257612000024
80.98526309147364 5.692281547789236
17.628180941128036 26.12195195357101
52.716301951148466 31.432118602159676
58.79117913198195 12.80791787782939
80.21856191533755 63.46378334549362
65.71962620775538 36.63440369640796
32.95312517856207 97.82419770380571
32.720986023481345 30.970170011765585
48.787503806493405 7.625308393999131
96.96620430874755 72.90499558041617
69.52918603424409 71.87679666581201
25.416312579290402 98.97285669474424
32.779487650515804 48.74717028306663
69.21486895562794 19.289905672918493
7.617244818829105 49.717840854787696
67.28892016838203 51.681701824851466
23.207992507783004 53.764970312738456
65.55810395750294 46.93506833083008
7.456316364294158 27.13129322814175
89.06986749425269 65.40009301908204
16.523245467945202 59.61458835908082
32.590567413277974 15.377623830415121
33.04284938650007 19.161070539242786
24.75702525677388 68.65815487050621
72.95903433844622 76.60781802116838
3.2318832839174916 46.13422306350727
77.07459664108902 84.89311110623728
40.56116935736141 39.58507857419483
71.95646921985725 60.28285962006643
83.94087647687748 26.762158969492546
77.28768827051155 3.138471928138631
7.5636368457730585 2.1298908255445337
33.744934143089644 99.05192124752942
44.36001662512229 48.085030438624855
69.86597016125336 45.47636460537875
61.504513077392865 61.53646847757513
67.22068303687884 75.64625747933233
16.575145401525603 13.799502442013923
62.372642791564616 94.60429609537876
30.745272908530595 60.147687814437255
39.75607672902078 17.677798426889613
54.88834225992099 15.236618323938877
0.47825016270865994 57.43392879331418
94.47730610155904 76.38645691136907
0.2609963824295791 86.7883007952747
7.068855456537559 88.72022567788882
87.77542797144017 81.9204958479853
49.0747794069911 62.514047509988245
73.79584316489799 16.203635444953647
61.73949953118969 86.00070271217099
69.21265349956822 60.33591954951252
65.49734140804824 63.112738616821495
1.878626611518741 94.16289818320877
54.99727983890988 76.11564323714593
62.8349333667896 34.53943960803441
96.30281291430406 45.510065375455675
81.98967186457894 21.75939178922468
45.87238679808663 31.205291375985013
86.96442492358139 69.57293097841152
89.50529046259152 51.60327943543661
77.06415836360671 41.271428631129105
77.76819291802319 85.79663003661395
94.66016381558919 48.58329051391298
21.663090835105702 70.5190362018392
69.7014033144847 11.409699528589945
1.8174413145887747 85.72858096869655
4.9043233619941 78.50624554399846
11.296219000822461 37.33013574415609
33.910215320904655 14.333300703254427
57.81562521076885 54.206015046743914
71.10017598331025 96.96448057865362
97.47901694126786 55.8094910260667
65.97459923304217 41.35099777929479
48.939182833395535 68.63746671995574
68.62983958543904 20.667722229688522
68.88831873449145 65.48247849972296
66.60548266973647 45.01109001699079
7.661323416385901 6.117308100951535
5.41042384646585 0.3780510050218622
6.720482523855642 27.793577011230518
45.55715063862941 6.606112850376899
31.796011174459192 14.732927430381926
17.550651535704986 38.4148571185453
63.75895845728425 99.25892602025587
99.05456502541398 49.00307151067519
36.34812872685343 3.1861412950060397
36.43460196256684 43.78194339616266
84.75727417013944 70.36699493452161
2.4817601931727995 86.71629634967526
33.344815564161614 76.38629729291725
11.496350939808163 72.9097108393123
29.577698816813104 49.115613151654436
50.74800067976308 67.64054298495638
47.233526145955 26.760706066440598
12.050957500427595 99.57080392292534
77.80037880359498 2.4722860322636486
8.941659673702151 75.04306129517822
4.7226630424432425 50.577186583852516
66.49655047449926 72.34888730263829
65.7332899779788 83.83107418876516
70.39473221373808 83.73646516416206
8.591659645874206 65.08867081115187
15.687260553526073 65.69913027545437
83.16704463309338 31.54918151847914
28.599290582636904 50.71187240002318
54.628587698249476 6.696018140781746
67.94648553707805 56.51344133998612
37.49255253749416 91.6325476660318
9.131740921104237 55.80156072828076
91.4974361683765 52.44709430308882
77.08536555528345 17.771932511936285
64.77012677032222 52.350124785741606
92.0453368626412 67.16159272498973
99.92238351005818 31.23904487674344
17.99368626284793 78.20789023398963
76.76532414956519 17.321749626916706
27.790059004789835 99.78848529819301
16.088304149248913 13.612953553589236
59.67881342093657 37.800826634498094
21.046809160737524 5.133380807966037
72.68261641925065 14.535627909068992
71.82247839295583 80.00537461387223
10.577895985307173 99.40886846580183
39.8266272838352 46.407411766640614
43.06847961303871 79.21996497339323
20.537758802366902 66.39620166382481
38.7542039440824 24.97296981489501
35.64306346300508 13.274601952637411
15.002408991279314 35.62537905121187
20.506750869187517 44.50871426980544
33.172923639185555 98.5765453570955
40.78244988405872 4.814897389510275
81.43268140916554 95.33761474067767
55.45413815735826 28.715833321670225
63.93658712399344 83.4302559993339
24.07343205094007 98.39707003263592
18.535727969081872 31.894839206894364
7.125733753592945 62.354717360958425
0.44858256949347197 40.32028374271971
36.50237659907623 34.04487409995214
68.30883965605882 37.82619186813605
26.674257706929705 34.702340227582404
10.134300768735438 49.268927305879664
28.777088163424015 82.36188065689595
57.20734349589441 56.993574398626734
1.897402653346436 96.37090579289556
4.836642027800863 79.68320309456637
66.5883973099154 18.72850322392616
69.50422396986485 63.20158646348181
93.2598920494691 28.271343649244006
87.62796557259989 59.801841755178906
7.013063068284032 88.608153401041
45.52777562566207 30.36284203988149
75.70765226857135 55.73943787069852
90.14478354279372 98.6682068079999
6.013225455259352 2.313603838651601
88.00832085387155 78.22731686532343
60.93055332607814 69.01398416627832
93.2468077313518 6.168229602386333
86.15534379625052 63.82159746576169
25.448597796514004 29.009239115471164
28.42051462969347 60.69691442703663
98.58643002903122 69.60852770364001
18.494886599531146 77.67212769830279
63.94730385124171 92.03235542878352
75.47852387094385 30.717600607899954
11.47800743503361 1.2518975454473558
90.55593631365191 33.45551805256862
95.24952384193772 18.635928430325944
32.971557876381574 16.095630720784925
77.53122175153865 22.61293563255391
70.68723505205928 84.22736446431698
71.54897221060918 31.092799402155624
65.79946844232721 53.27809922072233
10.946642909923842 72.62542259816013
34.38542247462472 16.567968370445808
45.580941267366484 18.201491881503294
71.38973873526395 14.967003393163669
59.581270462704026 70.50408630924578
77.25332921032921 44.112924446733146
83.07334346515829 52.41351535556038
39.66661435295793 35.49193392099694
15.177818557554613 21.585670534946843
14.478062962871462 49.03052867196784
24.925402897991223 56.877435381145055
62.83667130650156 77.09432987924919
32.571511260225215 88.5931065470789
41.820230230561194 13.222264637110559
34.982018181682264 53.52043345978055
5.975742436277265 49.26393471497611
22.372794806935026 5.994282467085177
74.33330992112018 22.94036422906771
89.56502145098764 31.300873453384316
18.572816484178322 90.88116769402662
81.47702400711657 64.74219167630262
57.21489614423749 48.75051493660448
49.86167762566062 52.86473410827469
0.6077420670068778 51.440246060124295
24.813569580162287 37.60871481013791
95.94780866107777 24.330011416241593
9.569049867810397 82.98812014101851
8.609343305706197 0.00036962650540317554
21.22753863669722 91.71774974650378
22.027068970857357 38.82215998873332
92.06331860456943 60.03636988669706
92.49235704323394 28.87993061438552
91.97752422993042 99.89057993627128
97.85527141621496 12.453729129965307
63.669742831828835 59.34106054976473
9.247994298576645 22.85866550968051
6.747017551716894 73.71845954936921
47.41116070700235 30.88675334070493
46.96307896975497 35.19525448461442
4.902233621766516 66.5699846163976
69.90336049105557 85.80247607899075
6.7570975875382855 39.684352531946665
89.67020420000054 5.7844492881573455
42.07484517226281 84.58633116537766
71.1679549177527 43.23496295112522
20.00052945127434 47.1985886660937
55.65025080428138 32.62337146049556
93.39073549511343 81.21355139022637
32.49766496135413 1.813211310975471
79.7641620514455 97.42048769285657
23.112376666658374 33.35083936477563
73.59974645072668 19.4726370292722
30.60693730834808 74.39619567320993
72.83287822667226 63.08667278313469
54.553085512087904 58.51722614286678
9.245573352856473 45.57695599080047
89.7465154549944 54.18211272336057
97.16747216399554 34.5467320453535
2.121370979734838 15.605437279831369
24.001433831508102 75.13224768118101
1.4681405636011613 43.39350719638411
11.854179736537118 2.8403261464468588
58.34693812207464 81.90079174149251
99.29038308454459 56.23638347668232
47.087014581572326 33.65601459222138
97.30812398385268 71.90384224982174
86.28327406066748 67.13327897769148
50.08159126058942 37.928074118682844
11.981729791098871 95.72798943789222
62.584457697187425 19.343010075110158
94.01799203816232 84.41275090513784
20.70455086085906 97.64599856891272
0.5828045024834694 79.20650844440723
24.426935478393542 85.55827247184492
41.27443819185104 58.96377524819585
91.17611265716712 4.444836875937918
38.49452666365855 12.415519638628759
6.786557423980721 34.03535154387176
77.33669553521004 59.9912782854158
56.9449666714265 61.17240749764796
31.81471042421713 89.81638824423892
17.994873594143314 48.66040690932143
80.04302137297603 52.013362797122234
91.41824011629515 70.9780884099725
48.98483957150036 31.441415940444696
13.411722416619053 21.193220197700334
69.89654487733962 85.915428354679
24.424148272796863 72.04941584448
49.90022853181251 64.93225695388057
57.63661623280342 67.51907628212447
0.4805926376345915 92.55927152713035
60.83908825328604 57.27433284815624
4.40411593984722 36.26627389129256
78.95613497786616 92.5824657726612
26.318599240176333 43.986865446566256
18.981935274911887 82.67947188666558
7.690050102308666 28.730000268344348
60.24334211584231 43.99089837597852
50.35944687758499 44.03127038763179
14.873066673313184 35.123803957277936
92.94157400113292 14.940832211007748
75.716176428101 90.67916175985782
86.58958297957054 21.161320979653
70.29497432825636 58.98658474144819
66.07161384355132 51.22456298325982
8.422844543343523 43.25487169513062
51.41749065411022 22.338064797274193
33.58488887772055 87.55448058239618
76.77626613892076 41.66075843627966
71.45057427122468 80.25751356596388
18.628327431415727 23.175235315196197
51.91054036668194 73.5881622110928
17.526306425019655 82.99057223936583
7.6890158034790606 63.29378866143179
15.20985151613069 82.45527187224212
2.7699358229232085 85.10274770697579
54.12024525284811 10.720443299528426
70.84259983977657 55.86194226826561
58.40811831479809 25.743705677180728
68.55675599751888 73.27147767858172
37.80171754863307 41.55000544571319
23.352277618661578 96.24473725787811
79.04971245930604 14.14163504212853
45.88321073584832 36.36858211331309
88.46947790673964 88.76855734325834
19.134407093552785 52.688852723255216
38.91187133389874 34.37868659264963
73.3278728739642 29.368738314062515
13.487406422572533 70.24615569865979
17.470822493397996 24.947470913558423
86.30660930903635 55.33613561274529
0.059127576043593866 46.28696072954273
77.29975094438171 67.13000395542478
29.19134907083627 1.7942587845826474
9.106605374744149 57.93507725667963
10.27901544896076 22.190797524844196
66.23911503708257 89.77050254227953
46.215363487445835 46.889702792313315
42.31777322086202 90.56466728671253
84.52700280516304 74.05748804224547
95.35422276640998 6.178187703569438
2.097394558949972 79.06382282794307
91.79050743390061 3.735625125873976
15.488490880313144 79.79332466715233
8.342041499342656 61.915768275853075
1.9918855717845574 6.6871680342765805
40.440184082965594 79.1981071050623
76.62365006693024 25.78628480044055
80.17968751178418 71.44521161678709
21.70007986097002 37.502984488295965
13.280352802607142 38.8115367054292
18.46408311020934 22.051497540349164
82.06883524303129 43.500069943371834
89.3312267984302 86.12423030978975
13.75371762433215 7.2652120075358155
25.8507395240835 35.93149804684251
21.3852925058032 20.209295113394187
77.90184127121552 38.04358811489568
64.43687268720143 54.34625493912566
38.81371069753223 82.18237958622252
87.88593591929053 98.83190351913763
9.510519844767028 10.773069607726205
76.04525502428169 11.520554542845451
31.83655274280722 37.83457515192589
44.4979735456958 4.1491448200063115
94.78568026751886 40.523268153927326
92.35976725685482 41.77396527738835
41.747225394874995 43.18481105589294
72.30941392067828 97.44600811578336
10.34468799446583 49.84659830290439
54.360092448524256 98.7455090315259
13.35492082056704 20.14586157355016
25.30937128584545 99.93875047488865
92.68741017971924 39.82469923333869
85.69086403587465 78.05949362424947
22.122629643810786 87.72089847601579
35.37037502410063 94.23136496094915
45.7228706770058 30.706483861800805
37.728973775959396 42.85487358448534
71.81766645515604 81.28404375952073
42.360115685463064 93.24419707398297
29.64086595224288 57.41520253806838
77.97154182002397 19.23043218828091
19.325703063354982 0.08300900889890439
96.78327302102745 98.6341874941775
72.0929947794594 92.94760092688749
85.96230277553916 47.924079254452515
73.0601820628912 10.48479682944905
1.7996887504533432 19.929186971672507
12.86058565205439 64.35838426581704
25.599720133333637 10.158453094319498
21.794709305384096 1.3807426729491534
90.71711217122918 53.816456881136574
40.2127915610185 5.325916108971629
63.90737538673507 70.48766590576777
54.337844555331785 72.03097634399101
80.95964498249589 12.560481510687893
54.6533138653354 14.299954652899348
2.496006896216907 5.770653101782608
5.998363980680798 40.968715970747674
46.617924752950266 24.10331598151575
89.24717077209957 45.99223572083413
93.36519151382679 44.62908744610928
32.28410880328971 33.249536101816034
18.964291924496525 62.39825652338058
2.7688773814052214 23.20268081321476
76.79940970351709 25.438008927754485
99.47440078199719 94.81637129359618
2.649045416601492 24.297685352931076
10.827076950995318 19.33497063380433
75.88157457251698 5.386749761170472
58.20772355510325 39.585033959111435
24.93931898403966 41.79579999730748
0.21914619735229346 44.64627667396945
45.02758575194168 13.796622888591658
49.27918253928926 98.26235732131529
51.31990425613184 7.169585630171338
91.7741460943509 92.32703534251102
59.83937971109643 20.278994106624783
43.71339581810388 63.66548392668213
4.141686571706349 92.36048470881136
99.32822277214954 25.912431471056095
68.73104680753221 91.9258131994909
57.14074072229116 67.81895192986893
89.63825746097352 5.6023402029120035
73.66371729494054 10.493861947894123
69.8592207613779 17.08903926590746
25.1173862983207 49.80259290586826
36.110062945114606 82.8970653859443
78.52280838547563 54.64191782177886
18.847061218028237 16.834471472208
62.93190983283107 54.28084940507597
24.03119494853034 87.4608523608774
73.36494833015594 22.637448497685288
48.711641937941195 11.773564217453714
89.75704010557818 3.1940031223890886
29.77514602790444 2.7861441092448036
3.211098371861143 30.45351479378915
28.775032479251927 76.59215651849527
37.53541976175533 75.63945022096166
15.709310706016277 58.556184298568915
48.838048414618974 16.982188468018744
35.02782444315065 38.64208929113111
4.177177835293955 45.98620638603488
3.7114587961209367 89.02745756968805
44.838734244372844 49.007628265840644
80.95071873525801 1.211511528885978
26.69423970156598 17.44263158781918
84.99620399210536 56.57522078655926
76.40055845681594 90.78909718495997
95.88568633453723 8.685655915936808
86.53790770940891 24.865999799236004
85.45093893375382 51.02073314373649
21.46507557789945 26.16267189700655
26.6027870720543 36.01150103266816
88.87650517457014 35.33094109672735
96.82317766164019 68.48128314863115
1.797363700077681 95.08345840566241
90.04717089543183 37.659863919056555
24.65837485244855 43.24978004739848
75.28324483616579 92.7412215039341
69.62441712003357 99.73989269814803
32.680237036200076 92.54227265547064
43.577100157417384 31.843346390681383
77.35778814014743 17.06314125828994
55.13379156674411 96.10113592181018
0.24547591864083618 81.17946454913675
8.54385456589667 18.78429802080386
56.5027875504122 9.316807281086925
99.55048422966468 54.51628406031539
24.302059554085943 48.482422234982124
7.0532435620752505 49.98048460500427
17.252818903429336 64.16234501722714
0.5348846467189028 65.28524881717556
33.827580197048036 62.857485980225015
61.60376106809819 95.869261014281
45.49716904361792 56.458328912700985
90.02117257799934 45.3411268364345
73.05447680075127 86.62025390021346
95.20309466337521 15.497583835723406
15.376306847173282 19.70099615501484
91.40674565030811 15.237074649578963
56.41925390577228 49.24997502841395
44.57631074110304 0.955476671218225
71.27930480948281 85.82062118711175
74.75101461559922 40.677955349747016
20.295801529118297 43.592534387247525
41.31163573602081 96.6566245985277
71.52740690661624 55.633878949127656
25.656337821976216 69.54221261101058
71.46079409830791 71.40222975382902
13.141320792708477 19.973433959390707
55.86654081104315 8.685283691349044
61.53842294941201 84.88737201556208
58.7941652266181 3.3914726404611795
75.21349881419539 67.96489758109723
52.52793249439328 42.937793287130575
14.996233307395935 82.2441811746239
59.73044565037118 92.72566511671492
58.3499255418975 5.582993063880249
97.20920158887701 63.97789483301525
39.178586165955956 83.95418879388137
34.71835682747144 19.048182797665458
10.621688360978855 87.15511842122925
19.81270137224811 3.225078812609883
12.350663672576045 57.747463133080345
5.542796087695667 88.12673494909372
3.4594058923249738 63.45706589614017
15.196343694792603 39.01293214357406
32.95797589433359 86.01589729324103
46.5053569418015 2.8407836525433328
71.2786084760312 15.401381364167765
70.08783662331714 60.337139207338986
58.398892117191494 53.50543907021237
41.660899015507106 79.61719521610101
25.15914185630389 61.54604117103929
40.08505871103255 65.00693726469787
7.339655926220445 4.430164509906865
51.8263325093266 69.87584348012257
6.834400753233805 81.25907063865654
6.704339249305901 75.79286723229501
73.07693347058402 51.93283254424167
70.23059943383474 47.42127333954027
91.80149764541909 14.170565139728408
41.143920267984846 15.216401079738272
43.44391774339653 49.6502848056342
24.314612484240893 48.96281740549039
4.599552624630487 83.5937173466342
58.44173584298833 38.974802799112716
44.00871551250144 78.57478367083178
32.36947793219493 35.309376908393276
20.357509230690663 29.468962963454015
42.250504425077736 62.636121454067926
14.068959506456046 92.24848916188381
55.21865492396324 53.921365739486596
89.20544262821348 65.55932761699921
93.65965098958813 87.67329559494142
57.89370121756037 96.4730559682133
87.38402782293852 37.523480607941885
11.857691011292426 47.09535321028174
34.22387140731167 60.20880407683469
35.16228007393137 90.87338432452712
45.9801400478148 52.49840384015694
68.66918461415688 5.894201714437985
50.184778649537954 90.20620295186461
32.7166504115317 55.028313513237435
71.23509945048421 13.011809666635942
23.691664968947578 76.42211750581835
51.43098995932611 15.184096296661876
74.96280794284354 56.88202959990862
5.405832770207997 10.476475875206049
22.47172896533789 36.860625747255014
40.648632260436266 39.38466539741871
78.48036226583605 67.67806419461913
0.750658825825623 75.11425482213362
40.48027069334969 52.444987176987404
14.091409915397834 86.1516638455459
0.5008878132489625 27.179591961541437
39.70486214161579 79.93364205572277
63.44470206971794 69.45603721669742
63.55721185667641 51.308730150884266
24.060683067181998 99.86103170059613
79.99396897628701 4.037085294502962
70.46002837341416 77.73148431382745
93.28898218555129 41.73161385907537
57.03703820327497 61.58157121351533
80.76570359104238 14.04354827650729
97.69636225852169 49.10687498023722
95.42187698266767 3.7807985432803615
57.87222985072671 11.10262265964691
65.39097696877549 0.10957402300436625
70.17001702047445 9.461069947948852
61.9376903183185 19.037979056022934
23.827627457890532 99.13199466649677
68.78754704510318 0.7504018018661962
46.95916343478701 66.37962807054221
94.5078464471522 52.751420791362015
62.03544537003973 88.82487543937498
86.08115460410694 74.03557334595342
43.83857185322746 88.48851734990197
63.90280039276352 40.40387155468642
58.077966405348434 66.71995588856348
94.02857761069855 61.28430540388475
45.662542208600286 14.2614485910604
2.0231069889093733 34.22077305206541
50.73967707112824 68.76046774141861
14.473088998247874 21.963590355379825
69.88201579126245 52.25440921583533
23.14190672389391 32.39133501584763
22.503420426046628 66.47261615784166
80.50186762250871 11.78195908778309
82.46471798233496 42.64883832865559
11.299613436166556 42.085532048665506
2.6728982104540666 52.12748168675547
98.6676538947701 16.637510127175005
89.98602962296548 65.42712971400275
89.32843641964806 91.87973429158063
37.059294189102985 70.7100283886394
86.56466295030623 57.790299234265674
32.086507200571376 96.96131676498278
71.36267022352413 34.53530135261212
21.915467730562654 75.41630011035669
38.98681181875779 76.48124228498942
52.0702081628447 81.49085081623544
37.350130843577446 24.34529640960479
17.92401983035582 23.163701153293992
45.17843111532369 98.67595924500296
61.20258717612267 60.933211799389476
68.7919788394486 91.6963603452873
32.2086001762232 63.07391278735125
59.15467483309204 11.148386656858001
46.341873503909845 59.60767692909924
92.31568298670521 99.51051741327261
47.01926458993747 50.50252222761462
12.921070409209733 53.76097663169364
34.793926115873994 58.59729001380064
56.553577470968094 13.632487133618643
7.998097315139718 29.549951559230536
92.87030878358283 33.20599070817555
22.795409439862603 35.28749009650346
77.84577163973054 87.92667834206716
98.29868405452733 80.62892653450156
38.01085151867104 69.9622104267935
78.71792433337968 4.844397781877485
23.218329945334947 63.89806978395196
74.97298168027355 84.05781136888857
51.809300633011354 45.91246221507526
91.24321220063727 83.34356453314808
27.641885574358007 95.3883863263152
62.27402902239913 74.08142580833929
85.91982432613999 39.79433297625472
12.308265792048733 28.631968629021788
56.21119985775894 55.590921323508
48.852396444319815 19.29528890210115
85.35533690561621 59.30199977976699
82.56463477266337 77.82036676126373
77.80217669838272 86.8639271894945
84.23100635856744 2.819842198167266
61.671898005477075 72.32249555241856
33.75749725443401 49.386781712039564
2.7235678303320743 18.34739431679432
98.76107581871312 73.55579499612136
21.24297423721827 15.400658641763487
36.35605597363385 45.68929776197501
73.32991838226243 55.72765601941404
81.19550442432646 94.66729857178184
33.14630474907088 32.47673715813738
4.588159205531905 12.118140658512432
76.72122499459142 7.777690421268135
50.45519770949875 20.802634128498966
22.64858976609585 22.6278406873039
46.702495670056244 53.1489453558597
53.891575579905485 79.57847715624645
83.45151271863921 66.20162421003354
33.87265719743726 94.84082643963222
90.2676019836431 43.61579528595102
55.01110728925562 95.7769200477131
17.12712971859871 55.69107164502122
77.15117796649983 38.875827370354074
50.79957250058017 9.632473894635874
13.856331659329024 17.47743408000253
77.3735457914477 35.258728270476894
76.39087116333585 49.405868289546525
66.64851360796187 14.503473590535288
97.9227789465494 94.40254170869281
71.40130896977739 21.29798008303925
12.784075330629118 22.915204116720865
47.57811937614244 43.02896824128253
1.2188390658593562 54.8777862294893
99.26962082405484 40.801924365272015
73.29791793040815 91.80185537723293
48.02000692025382 73.5884556823622
10.230499152153383 75.70341479125118
40.10200970353054 21.997049764379096
87.91676585837372 29.733153517700174
36.35337098116206 38.970459424995255
39.67242297821453 37.22287499466383
68.74255334059876 47.089542719122015
42.29707381412465 36.82271282768773
57.87648859422312 64.45840664789108
77.6568257960857 34.350197634670835
15.280040703993436 74.60050515576154
23.14261343829117 41.99568667338064
69.99429715979836 74.05815435492443
71.41240681917537 94.08516114404193
34.63140623956124 62.93510634649695
76.64772033365509 32.10511195628406
79.66627156432297 0.14140209547643945
27.6673344142503 65.68563523486964
43.27740352369285 8.307039317558985
57.072294357718874 89.65851392556856
79.72499170253892 1.0686087075670647
75.93046135713483 40.63621647652737
7.632634466474563 27.088131716873864
78.12962997983092 99.97506961782699
72.66178058339275 83.15537888807312
25.413547959916404 95.64660838163424
16.07498226624241 54.10112759030803
26.675497060584053 23.353689785968925
55.90520226505495 35.5416196116135
64.24613827167724 24.093025401060064
61.83290837249207 89.62384678184495
49.50408727150022 47.71509791352955
88.79713829769926 70.35598158468999
19.027320656315016 29.191309929781518
91.94401469956121 66.64640711215355
33.15355308686701 74.18166751961533
61.227897708809756 52.983391658749824
65.52370416662097 21.714700697391287
71.94924981339223 14.414274613571898
58.22014634422086 94.44898508249857
7.841820574667125 75.56754967580318
54.08282534487343 11.246777984983591
41.90661926508977 25.999701107328267
74.83401751489838 82.78174806299202
76.54695402525955 10.225915498093618
18.057018630857247 59.5608606301809
36.51185211078612 49.557216415079786
45.85323705259934 64.40499783075137
76.38017838666697 78.79008248329062
55.374046039170665 69.23271595351171
23.397974123978805 94.70823513482438
57.62045261064907 0.731577082278223
83.10706889204255 58.23098068027005
42.902600881640296 74.59417343349578
14.78056132528004 77.33845089483164
41.42177438808088 11.393732115474563
37.27246446087933 6.283881263566126
79.89234891419201 90.30975712701222
7.561701091798135 8.7548966636262
70.05429276582583 73.48480719461247
26.33655907846841 80.36064602403867
58.23905291200893 27.040984975723582
43.4997304242544 37.539361910646626
