901
44.73264543379383 13.228260861644115
3.6937390043193963 15.022432330082314
74.32526789547916 46.6395311133259
87.97361527624716 69.37375634833019
97.06364484834317 91.26923886100403
73.66639358239382 27.608117213443062
79.37972533943142 85.529004533693
53.92649457111426 51.20425935670714
61.274026611215014 6.9013279752557555
59.67653849973976 12.024026988157644
96.17001913055061 75.64728310957945
7.883087501330854 19.93299741668806
22.94469316138961 71.14684568328639
24.600289845588442 79.93304677875722
21.085240735330345 85.55921694117038
88.95347586510647 56.60627523799967
0.34680191770101176 67.45252220859949
50.332629126250815 59.65196871309493
5.188195378425808 24.827151922757174
33.753703579530736 71.22137236776712
67.98342146120693 55.89202950683332
27.74790787163961 58.20568796382241
36.32988920880007 91.66499630680033
34.692896889288924 32.88294379080527
53.435576468585836 87.74654299912433
39.604730129356035 22.317172301886636
72.73880221500264 52.88721125423584
45.509068023425314 23.391515485499248
86.71007643342654 29.22425642303813
82.45241685226571 21.59827420740983
61.92321765571388 27.718725083613226
88.76124255135838 10.828549123546305
38.15524512686817 0.07509689484174187
73.72775415254803 44.21247145908188
19.330171687296904 33.774744836538375
96.50844091195692 72.17575298650834
53.076757086650495 30.973040777931438
42.10567117543405 85.28506286769209
12.227010708908848 71.41920450944481
20.317605080739575 84.35377486602617
15.033993886873997 98.18490762450777
77.23533848327736 85.78620658177066
13.707372828162113 16.34056545154032
63.22669536200603 75.51506510148567
94.34218500400289 55.99498436681102
75.86281411645477 96.47851958380107
12.46227474539171 51.535307359286186
45.260263787876355 8.649821793929357
46.71610109520971 68.83327248939932
7.350023466735767 61.061475723611856
42.0691553271798 94.9492104618383
38.96762279799669 86.79522018492506
20.538352993590493 17.364346532022978
14.261759309573808 61.3089834603433
5.596205229206175 85.76153654262518
91.84825859057088 60.01533895025369
10.702478272213089 23.204672903894764
84.1510319992348 65.70160210621322
48.32404720003747 45.300816606971985
21.621648529489235 12.954950684035339
77.12564233011108 86.01178832223756
36.522093660826535 59.42646275319683
43.27905940915198 18.2154541137196
95.10555448248348 71.79070779197204
46.209318091160476 31.66387140393884
55.21519762813637 67.07652719642488
24.42767821200026 62.253709346009515
4.583209681711498 99.92958957930271
0.3128822296771361 56.26066482431261
39.137597307371344 51.49733840073725
47.40537108683576 88.10372731193243
17.98617088792045 43.597779331479046
21.946630082440556 3.3992409241420884
61.70464826720743 97.07287590394913
47.54176404816953 46.600463053812014
70.36340008934093 69.7453484160727
20.18430554859294 26.993385088055867
13.254853889199648 86.24609693061336
69.44892609070772 70.9252115962804
40.65220407770027 65.98178238235289
25.006907599336646 29.445262381742342
22.45543690699835 32.849045053866064
62.82198180859243 66.33188147194834
83.53863934207823 45.53612464159681
2.5317170107372 4.064983201505534
58.5890941052055 82.08262679779337
75.20463649687632 10.447906267198427
79.0934903362328 67.42651613535517
71.76689912952422 88.50387751528663
34.021566810883655 95.78631790318549
62.235947392912806 41.511371949776056
65.97738156660526 32.369218392745545
0.5632109839410981 6.666432636626329
20.47014661242532 0.6108950114618983
99.87411301263394 46.04363790378015
24.86135565690769 27.687314140309837
89.5960581513781 23.57483537395173
73.77055135626071 33.31069989024441
46.95535766399333 25.287742536571557
60.140427301637004 63.200727218239095
21.63108510877735 33.49697889444848
33.610730717397985 24.030110679348617
66.44375837906509 34.372179576022646
40.18633422396138 0.8583501069145294
21.937048039025676 98.31194715640684
40.37951544151252 19.71991246479634
5.224403840689429 92.65578145514397
48.68779127759295 43.02134516862108
92.049619195307 51.51870854479339
96.0197458952278 61.016931062820824
28.913081313302314 76.00570536379252
92.79299048650667 27.667454169544836
62.78390984771954 10.272302232649578
61.90009926121536 22.95701941953293
48.48512750188806 19.00785555962996
36.99681683800693 85.06613484184687
85.89912793980858 43.57269423955689
53.219232550625264 87.48522349156737
95.2968524658023 32.98081766113318
75.2717947341446 69.51057828102371
63.62501399761903 20.471915730243474
61.19136069015144 62.658880373501056
99.38293229834957 80.09470488402715
78.0612509394125 81.25697679011104
42.01514687328067 4.795011311599895
21.339384366574855 67.72441126419179
20.925774798120088 63.12150222929377
42.39437392982096 78.17747530087263
29.89475438497816 56.78953110195179
70.22187563998834 78.22871978679777
12.242200792453161 13.846944252306582
36.88467734508849 40.31153049597873
85.60131334057435 72.04385496349374
4.009300130016625 25.74973987605843
30.611192679098497 39.796945017258246
20.566701669790632 94.11189884876744
13.129653590723933 23.65662030288397
10.402358965363877 73.96309630268661
92.45715564423736 10.75222446303652
92.80208500193274 61.3543703149907
2.0098369119942228 48.24279322444768
99.045020496349 68.52528196876744
79.36341179999285 49.77538698199409
11.961629123147944 8.150038961198891
46.690533588048034 42.03595290191484
32.49533414434528 95.35133062336638
45.89203946407751 34.89189697120509
11.211480468422675 78.8828286709896
24.21940550746139 77.71872811335601
26.204562112447704 7.590666086244768
95.12092939016988 21.4525274255438
38.22266936629146 16.450839903117632
32.112275388098766 7.556651143229843
19.877731372269835 44.6999163534491
64.71856391789426 76.83881276446571
44.620025433461706 98.11732116224286
71.52095101867893 13.93257438721366
82.08716762786882 41.81614622358105
94.17584502816912 83.47904527696267
83.6126012658567 73.96906513443106
28.5500034193791 7.621769264668776
24.38572445475011 76.25162694328495
20.338217365692635 20.389295150865372
64.43646722630372 76.10490560702323
8.950862979509221 28.064973263178118
77.4979422228734 82.03452589700075
89.0262268094948 84.42744303152703
38.027242625328405 4.878477168988315
78.37663178505292 17.69384118404297
69.48724031197283 26.55556587642004
58.61066630331803 48.71673417772298
30.308955627142442 22.628405626697145
99.06654563659654 7.93456146744086
4.994070446486476 66.43374902541103
39.04582360509734 18.045578082627845
70.52627129395766 75.7224550280193
3.24355564351273 22.139051462473613
2.6639845788541283 10.17291874750238
41.59044494780072 98.2508134738454
83.01067864924069 57.82860469805399
74.65322952237128 69.70052129099163
83.7587643040635 54.92898687066714
92.10638010084442 4.394316803051545
38.52936551311321 5.673648798449538
44.427163070455975 22.32518229699093
32.17990736392073 91.78804318558365
78.29450763004357 95.76191859549506
28.607948620485303 35.33031085034356
48.77488293173558 80.53122830407209
92.02778913898227 16.953225308016194
79.19706903411719 15.024336508104785
74.63025553211423 66.3290078125993
36.04944135969204 7.138397996768919
95.14592579465452 18.6962107381872
20.947631177390523 92.90766377496993
85.35649288550786 24.010778303130074
29.443790936229377 57.53809983848118
75.41794624491163 7.468270198386495
94.63202581857395 27.121904806265672
78.98106744471221 33.67043629064009
21.224858957130955 52.692434498468124
96.58512772792366 68.59543493120668
73.14258887977067 82.08953676599813
78.42766698336592 93.6463089126444
23.22919182099763 5.407872790073154
75.09468064368963 22.330970447783372
96.65253058030578 45.22807159661083
61.61837769738242 66.28142417002245
13.725702589713828 55.478413518883016
67.47017192619002 55.08278031071552
48.07291422539475 9.487957027341876
54.59393906582574 59.45181498521569
56.976560904721005 16.82430952870295
0.35250710289700393 33.30557571180328
27.540218502417947 88.38870473484371
30.0813043720378 1.4834456388608475
53.40582076334945 27.549789803851475
76.43911439567091 52.95661105013794
6.889773400769672 27.505653829088384
34.665058455780716 40.5601086589951
72.13600794353525 75.92569222776338
92.47608719606917 78.79778537750461
54.71947541213598 42.0748620580175
65.64604475861849 93.42452722739569
33.0509677735765 55.95877948488206
74.58073177024175 94.0399826475914
16.031687206775135 13.494367543445573
51.1768169460442 20.58196383957528
99.77043883306602 8.62508893493007
2.3302995356265233 84.96608014590348
76.29476639591073 60.88136772181546
39.091130150096376 95.89201247114042
3.1382475241691132 14.129728730295387
0.7969093709652042 44.244001058338625
71.17020200541624 84.40980535702506
67.45716640951296 61.205151254575874
0.6089870916029305 41.751108704884864
77.11476758577463 13.776725950129965
46.53990419294001 12.43258449067961
18.35771897892058 76.26790309256195
34.19425195976196 48.81928298712238
80.98536864202327 50.49827063989506
32.45896080300231 53.87756480609925
34.86238304713438 11.137052175602147
41.4315244206937 79.13227789721469
94.78527809624899 31.771465974382973
27.473670675671535 97.73197203831658
67.82952350191952 20.19612119395727
45.68384945817362 35.16322836376992
41.01629131772052 56.283400077125236
44.076121250014964 27.792852713270968
34.93636560602956 8.295964883571072
48.120063332562246 60.448749239662135
49.566519092593566 96.41711324592184
9.38526266877997 26.291706263300885
41.48238477703403 58.65510046726089
48.60015721214226 15.546473847918074
94.94256326033255 66.28860041816215
51.02729273705599 37.103006561091355
99.98343126336326 75.11456673416464
7.026356817694001 9.929670739820773
34.96228853523233 48.76380275973396
51.429554712262934 85.94976539979085
95.38726682047981 22.341110266865684
16.832621117307067 76.83558905382573
64.32867377387812 97.67721390705239
52.02305122865233 64.878019723982
21.259102796435403 99.8822351329911
99.69047877814006 23.984289506865288
17.25779406734411 79.45710404117986
12.937657017884074 66.19631102446212
37.57816059313262 3.9279896392880986
54.33842186273695 59.57701999498926
33.88945779289902 76.58293036918103
4.448669269088712 24.79095779203979
72.37274269037172 89.24437997381334
75.83455770150525 71.08537698101898
32.65002350476342 33.53326757594256
33.17418513026129 30.44631438886438
28.015035318806902 22.91248308619216
6.907274712335932 35.9726110807804
37.45603758196364 5.89093798509619
99.24129663931296 79.7053616183405
29.09469237098544 91.20935024497085
72.3230664806723 48.03483122084915
31.61624771539856 26.78541117488782
73.63470254436547 62.60678677293971
61.489082150332344 18.122631351748286
29.660133906746943 17.41484260286891
39.19101387522207 28.05829483532135
36.34445948096295 28.25647402418482
3.877123000907623 13.366292565489179
23.99311134441747 98.42963109464044
9.230986843900958 68.92642694790705
81.31370560413758 39.47679698619167
68.28221427094154 59.758767600816974
45.240915968153516 13.58908982168111
85.37219991332077 89.15945430077497
3.8358044016786663 86.72122596655905
54.64750059324434 21.803898315429716
43.591911855465426 94.34949261669257
84.6487530956908 38.9036634554923
76.58413914240602 68.11970984331663
15.734123120919163 18.264670932627837
19.117557379413153 29.258933236935135
94.40989127672044 30.230424266641332
76.59035099467468 8.965032287007258
92.94815050212657 6.863415136992912
38.512486923238164 79.1042416366394
28.037459342015858 67.97608639789273
74.93490245520222 99.35663230353087
39.06906154833641 55.97409741351851
7.941900605206476 35.77361641639085
29.62812697185656 56.85805013777151
44.76132823103413 86.19552018246213
78.62212796309144 78.97607992921417
41.325790606109656 11.473447653434043
63.35037276821052 10.673408851540456
91.97836847608176 5.828470744978498
36.49497665261529 21.3133434366359
22.94242817901061 69.3074293435523
21.991144085601512 71.70946685333269
45.98311130492472 53.99755556749013
5.363062807049513 26.493639055740047
0.7330013651857814 25.164845802911994
72.29574518447674 67.89918851074196
1.143593906971585 77.07680977800973
27.99589487681622 98.51596343939593
20.14796585495401 22.725665120862793
39.56115552821051 64.21129838817643
76.0547993560366 17.032159790108082
73.58141938002667 76.06817266663491
7.234223339544011 75.16647373813063
60.65329807263243 38.91558085970029
80.61230791662459 24.259669459460508
13.048206140024377 76.28030336369022
63.89345290692566 86.70734429184222
93.63374486165705 96.50556391675016
59.88496299848157 75.05074403070762
95.42986520008188 13.66129681951106
33.35417567181593 23.87370828962505
16.112076882373337 73.59453382732289
58.38205713829845 71.43852169241647
25.083187689405783 71.45735900083741
55.06194406679102 0.3145019411074923
58.27303215284757 90.15899316443816
43.05646740039438 8.047814366004191
72.85629719780965 84.08138292928922
52.792905885831296 53.32898192980339
85.07183455779274 45.56173793093185
25.542136294635796 26.295974690073443
35.52354317319237 63.02930239622491
9.978242924260726 5.946530769240955
54.55974960312717 78.52362878650139
73.20125376289234 15.84308855587645
3.304346964438687 61.85176642407794
47.46920273717078 24.10686576611556
99.29805299348274 64.67157647099543
85.14084929271088 90.84407430184766
45.102452189097434 82.92838638950923
32.25732454852355 23.1617366904737
53.467748619189415 89.16774457337078
65.24938669645024 55.59189195288293
50.048721971927314 13.398312729680018
72.96270760315053 99.51171203877715
81.82092796367266 81.72066115181609
39.46749517624066 81.93381254806944
35.41138356697421 69.8710241131231
4.700997104314775 55.89604108051357
88.32616522971112 54.526305601435524
95.98498340833149 81.58374329318593
60.61356233210419 18.151219014195686
53.163996652237714 72.79462722421334
33.69759545771436 37.04501183010499
33.07450971964683 65.49121685388182
75.52535620102655 45.5522524523005
7.812353051499343 4.5069774934827445
42.10493145208374 72.46887265521119
5.68681069385879 76.91841472588636
65.58157591461162 42.02904467527864
77.38076561089756 80.39308652494802
68.72758927636919 99.02501143230802
71.3070891836064 94.83741147808703
76.12430944512779 61.112715377463054
20.86407076801491 65.37320638930528
31.695689734717703 71.32848723996344
31.753615516435985 65.74463335660032
7.703405653742834 72.15230732854089
66.4519152223313 57.3964709851969
77.43322692935259 29.94046553238937
79.81867993424359 97.6925370720214
7.232578880246566 78.0771235244138
93.95390378469371 46.204729606233485
98.65516902165888 98.30003902767842
60.16188111394957 41.02221743005497
39.868716311505246 95.89585617997949
89.49614170307657 84.5134124810074
84.42118683522072 52.821994984693376
75.55801461130667 57.692489235861075
98.90596300338925 15.489969910149826
97.71615351132998 19.225804754212394
35.63612816291909 0.4348318921793104
18.082064364017757 39.55630306495277
38.30921707540097 52.37316128108153
99.20373506272531 95.36285688399418
12.826093023864216 58.953255231945654
75.47997708946663 14.44525949793637
48.167743121641536 98.70563203522042
12.122016286007941 77.60156104736295
13.189761221543229 36.22802753366543
87.23634532412274 76.26249188387776
27.495111863588086 57.1082375410897
99.23928402610599 68.04054431533444
12.094766471733532 80.38668208273742
33.2089526909383 93.71542890339619
8.6354525394579 26.51059937340441
12.908437264716778 54.524104313255215
93.443127933803 77.04155360980144
97.74686983711435 67.31178457206705
93.63615659049049 65.5013803768719
96.56092030077578 83.83261061742002
25.388907238781467 59.78649730306991
43.375289202897335 71.37209269124517
94.07209158183669 50.72068050477642
36.41345985058941 94.09912613925914
11.403797816328199 80.5098025145044
14.350017409486771 93.45354357256397
98.22129281941227 25.771692060835495
6.565574068167068 37.01633374455784
32.20824868594732 23.08417085997099
62.851501436365695 51.52487902318873
58.44551162620504 82.45468070940053
59.655105154587375 84.31167025877136
70.6841501569348 95.35191440189415
0.5066460349497648 13.958745389365323
64.54070530030029 80.59132880814414
14.32172958726634 78.90699563236848
70.42357220591407 23.05196127008745
90.93050764642653 17.04846054285599
76.07496844685416 1.278375132229037
11.498764119327266 54.73963353656126
1.4360773627068668 59.42391420287143
13.917689881652894 42.07190502618366
11.930530753294056 15.071621862758422
3.678670028251241 48.716875153709694
12.03487470286203 45.31480015891087
0.17543567338100807 89.31361946773893
94.25012323737822 35.60570327449035
2.325794350719068 87.2007852890658
67.73731878179257 47.63364359719851
31.448834447521268 50.81665080547669
45.09204007165616 14.14228626990458
99.87002855888797 72.96965933802578
35.296996302076764 4.479998311942723
38.36592267078396 88.00743869737792
18.269131427645956 97.24250543034545
5.7848995458590124 99.27276393784614
95.43468342113297 90.7777772559016
37.74781746835533 25.346944917418867
28.2982039088173 62.52487522927655
98.31417939527624 77.58187591213498
27.82030481039065 37.733831199659505
69.78376473959695 96.43900552373785
15.265804974054664 88.92193286025744
47.03490883177728 61.790622045985565
94.26085717453671 80.79796975096008
48.4365295409801 88.44647220070765
40.715199940141886 51.132220641266045
44.793477635608404 93.19229589157328
30.093649033442826 54.374106202990625
27.555916933205626 99.44706612694792
7.4635285550789465 74.24509416502534
15.513508295333223 20.616713818301548
70.75725416654515 3.939464649008828
75.70717648492156 64.41048316651073
98.90424641178804 1.866060349247678
50.84882744056354 81.92704491417989
39.86736757732552 66.05852137463076
41.00991151102129 63.25548487878354
25.36866913810173 73.08570208592042
66.70506101890528 56.36069357305378
99.18096364530255 96.08184705179245
75.42402465355873 24.365709808555746
58.961339384600684 46.39323524822018
68.33242221384364 98.99032477597972
17.832670385069715 59.9243566443306
21.18379196296809 3.8097471892421186
58.713906605793355 32.97971179272151
34.528628449489865 34.01606474139312
52.86996135623861 17.56756818698778
53.34537711713258 10.947843946654645
35.46518056667794 28.154825974886677
82.16649042549903 17.135136191153432
88.38594386513806 97.60044221802222
68.33354210915066 5.0305771566046875
9.115423310723026 84.38171368407716
11.632184930512611 62.696075785904945
3.919455626194923 26.37586419502238
89.9505789639662 35.48073253612478
19.034161884086842 43.97051861443886
54.88902246685736 35.48518531395904
77.96974163151937 84.79814299862566
84.81883552891215 55.80906740977326
59.03959265338787 83.40450325291643
39.40717489779634 66.71362117402941
88.75103291326681 5.379938583899946
27.39032670719187 75.87229086503471
73.33272239647657 4.74145111212132
28.114022188942943 25.815511592412342
85.07581524161193 96.34541423537837
7.191386003274392 10.769588231416327
58.19700865187506 33.045410119491905
77.28149880902912 53.878895415068385
58.92001892470225 93.16274659824893
39.83158113027405 72.94585294370155
57.67177500314127 85.39334971879765
66.05325455494754 27.57229364598358
44.583274462156076 8.640456275500519
59.537455451330516 85.81086349594771
95.43779169740303 21.200894751060673
54.02177338417747 44.54454868452533
72.67627785125302 61.61727611963615
49.146039534524455 42.46666563569753
21.45450848172309 3.4524573482048626
98.0725404082705 78.16828132191795
39.19493046991776 4.300144944222839
66.9700765358916 32.62168363326005
29.29930301879282 73.90284875952614
20.39213635877506 94.27132075416515
55.28057225967103 8.310999007364561
26.29281216368814 3.837335206360759
43.63443405249811 76.2690215947322
1.679537611282944 38.07992864343382
26.585230279688123 12.268055692122282
57.47845324957629 17.219029324703573
13.575318793895075 34.59085483716613
16.415947341754112 73.2273198214311
39.16424498180906 31.20962565570158
10.648023071771739 62.75709738267563
86.68726732498246 77.0235847187462
74.05373222831649 35.88773793234824
18.878106403802132 20.94746143532109
97.32916424638283 59.64846872928097
21.37338603925951 10.79064651152053
20.596505493543336 80.19756450258657
29.276154701205336 51.26611724563741
38.37270148467737 51.722311339130144
65.98286130568344 62.76457629205433
33.07509903142891 32.35127156670499
51.15190568974589 48.00169996278297
28.052018890874397 30.388717602007652
73.63510742284772 97.41753129508038
96.69117360962844 94.69735395237332
48.97109898949593 62.77524820254471
23.543684018258347 90.20272147395771
0.7099943074962201 86.18404157028057
59.24418356895955 41.152245249235285
98.83504947455259 36.73135974654146
15.523771305915545 51.18559387567413
98.24379428147407 96.69392850380152
27.45515521896834 21.66317775672395
81.83497763112706 65.65928356572502
1.8287878020349368 64.35087692255193
98.66480251166301 38.268565382804255
97.71619755573784 64.25293432745549
1.6624138905051544 93.5580126216368
38.02053907461044 69.07031716382306
89.13184375617138 23.13784403759823
21.77017787301059 38.305269687008305
5.137376293978313 0.8773197958831802
88.7669650207892 5.3015924084573784
62.88302902882174 37.91402555080909
87.00104277519152 57.18241081933544
46.208230478439084 59.48299551560985
11.691178535497926 25.19756017380509
3.5410129273824142 39.0034417124476
28.029775338994124 1.0849423194984942
56.539724729688935 12.422159077913243
18.197528759891114 44.183711444805155
18.666480919706217 30.09582438887506
43.429545267682514 84.78962472222643
44.59671721564057 12.035335880067421
55.87775418871942 65.25286600780478
81.26492246468479 78.9870186407819
52.53941771556928 81.17150657802408
2.3994163019196324 92.33947966996867
99.81838932452595 22.581150968598806
7.696606339935663 33.271255282716815
88.55197545172405 6.274335482714255
19.78104668804207 92.76480993248985
29.06962034586623 60.78409724527444
90.47160141225744 92.22116635890404
46.48954414043281 90.82971138601124
24.151127769657798 93.99795386360671
80.79832920691076 40.5228860144687
79.71657344809483 92.06592481486074
77.64001689661578 36.289648572859576
49.55225450784878 81.31340825712557
29.138345014756485 19.863280247277327
22.213504286550013 77.77887121040875
21.791434792548248 12.879572391432426
6.271533421723429 95.87841341631533
96.28009906139306 72.5127585386194
22.4344923970352 12.876669561152355
24.160333259337786 44.125836095217274
52.764646844885256 71.6287498147041
18.711921371214768 77.2354374895018
28.64141488359695 38.25361565711193
78.35284892267494 66.2723073576667
34.95087186603062 23.19706600631476
93.92075704127902 27.4408047408087
47.41344673005122 86.0444863807644
9.969042809352302 29.346683397715758
24.246892141944176 19.858492755618407
22.131686242361848 44.839708283262816
83.87363321982694 2.9335680518358886
91.04433093107353 32.69401460862925
92.95057580225918 31.10268295844475
87.83940067752405 81.59819334945428
86.33181952538756 26.627940088103607
96.5638463700614 93.44592023862266
98.86099844368215 70.41736114873338
86.46092157324252 88.39091339188857
43.77297749993496 86.99629425147604
55.64528585687945 89.96876376191977
90.4675432111336 50.06753082124769
44.81162013596575 90.30784634409457
26.52989830261454 96.49727416499296
3.6414888091335307 39.57628390036909
49.119945896952125 35.01648805544555
89.62455655944133 42.52786303352292
49.74440500486058 45.515000418594255
95.51255100719663 56.3161240423666
13.078077539571996 67.77075301533051
52.449321593085266 25.96803990964873
10.188236539277417 94.15495071514901
73.77681672879271 22.72803654966531
8.145274966053384 60.2338274852789
66.53027613559085 27.271073202306017
64.51232583012856 35.326961992669226
44.61275020414962 67.75826185644739
26.493662078583025 9.377978757088512
48.18043238202993 52.004876581507965
9.93835772478594 29.517521675886748
8.702545807586514 18.10133130030541
99.39918673138473 18.91010890224002
55.54823166099828 76.39427464618447
74.33168587903289 83.96733309645349
74.78969439473562 74.28432376273274
50.541961947251366 63.35663962861574
10.827570749333082 38.42672163297537
85.59111045590292 50.828626904160245
58.54037159458855 53.89063922376468
2.029387929706039 14.162312637121966
78.57398955710133 24.612905950971086
42.55175521402532 89.45228955047882
3.743512606629007 71.82049720893474
23.43777580854356 85.09155751588547
51.83304036192433 65.61209337520235
53.86803047342892 40.35744743758802
26.328916052902528 86.68200321124475
32.30722479275149 11.159931567337878
61.72688735770673 6.381466287948589
78.54023193121492 50.718067822075476
42.101797301654244 28.571955523951708
76.40190869546034 40.52080438124498
70.11587775409423 68.26007172790287
32.98472835804144 2.0176554948909686
96.36297010307547 47.1925961233089
69.50159427786903 29.378539873643128
64.53226602339753 10.834329214936888
18.881604856353395 86.10741582258822
49.42569346189584 69.5738310429071
55.032672670249305 43.82590216677751
43.175539787723864 65.21059540660767
8.832896591184458 62.694552860556584
9.330258326259155 89.71958347772623
70.68255425707562 38.089365854049284
99.82762375865745 79.42659007834408
83.69300407140925 9.442704960929326
29.498379519607944 83.27903293101566
86.55650774413579 64.13204261314146
66.69498523833857 53.615214781020505
10.819709054203475 50.633190143796114
57.517814781134 87.67857998360331
36.56679051275088 2.4915575918140753
89.5769073922898 94.92940134154813
89.46808121210348 16.770945278213212
85.64100980734223 47.4122309317823
80.31233872390195 94.43742964578327
46.31327230234247 51.91483818145358
2.643146201934521 64.76750665251596
5.438055428872202 73.5690379213442
21.7472618353859 25.557750295953298
41.736832738657434 87.38206636392664
46.706802459352126 35.490620579314445
7.266305907694315 87.75799270605081
72.56324734284553 28.365101507231238
73.53364385929011 52.410026196264525
75.1173956310813 39.69784392100204
68.40957880214302 16.45652642447464
74.9865579945853 98.29307020172648
55.42211533638979 18.29881508135577
70.77102518784933 34.422918087938434
46.313695127785394 85.62097670143204
9.426962027656794 37.428671475356666
15.906187792461601 3.524763543250442
98.20590670713901 92.98727172440749
57.41817006201207 18.503187238391295
4.329632291057228 2.10032388077086
51.930125638500435 98.89894897444273
27.36935065063364 38.912206381563074
87.2966940163232 64.41833052398587
22.083925498796763 0.6225175724969834
43.59778194769475 61.05419255456661
58.52078784987591 83.50583099125056
70.86101442285397 91.57817007328832
72.03641280798743 71.60260248893412
84.74544859588477 24.000473736395257
33.942099988683495 21.923856394597873
6.2881489870417635 45.64307395662674
70.818805711702 95.1691658158228
75.67325964979196 34.806379531251395
68.71152301733801 34.63992691821055
85.38839784971414 7.11315004282973
8.771782771364023 33.086666709482614
33.89504908123536 96.34223327339024
71.53164170033187 13.138654063411781
92.90999047665032 59.05119686412385
55.22425166188534 84.01812152269953
58.86139826979365 72.46260048745525
52.04541792718944 26.2921876064821
10.382023647665928 38.07407931879222
30.887371243004903 67.526672488023
90.8777700355454 51.9524653768338
66.82700687279322 11.852061052679863
33.486184452573966 15.81954299970192
42.81035313950423 29.300772296852927
49.50859103849879 39.418395555339714
24.739639845119598 83.62104492231086
6.623114358341287 44.10223575555363
3.0271039791176513 39.870387362729254
83.33629176451548 92.31062792303955
11.726373650039623 1.3603250812901702
82.93073356390975 23.347179424608488
90.07554667901186 83.90444344901023
16.75281888808049 72.11681189378028
88.28312990073438 9.873812266308512
30.330860280583593 57.26008079322216
38.550631448587204 13.552683520104814
32.38486800911936 29.944681125571293
32.23618525228324 52.21471742211325
39.243707626737475 49.941110548705524
47.17671220294971 30.503432384971994
54.84098440036962 91.65491680261378
83.99743531805487 27.303161117378306
28.682096688993074 58.8558395940794
29.071403044632994 36.50533248928248
5.723734952565662 21.41998380585244
40.391946707473025 73.90259098429323
35.55042520246805 42.67487754005403
59.664956577109095 53.904312890900385
98.26223411442476 50.716829999458945
60.43644663482674 86.239472082067
78.35078087105353 14.128680290056161
16.51329819256646 11.959815757331448
17.780837440470577 2.737125533799467
62.72726079859302 10.365476589323286
97.40403005359664 84.85506678150797
70.81256872970833 67.257972401353
72.07236561868947 36.63602338140104
74.09600261190516 36.08237873398197
29.56376734860151 83.04615938757136
42.233856853336114 60.258219054644954
37.93998690429326 10.398318759973213
49.85908067206518 97.45428282478133
41.47283625433461 29.01870547706038
90.12869688851295 78.51215667278207
29.96969097587169 91.83585504382097
9.492388130807218 52.88749854788819
11.108396648143259 35.749543323694596
92.72212104214937 28.224618364546284
42.68189142123996 39.60262538506498
36.08946492840308 62.99655383229512
42.48542566069177 74.11046484051931
85.42198308358955 50.76025850989724
54.48932980917278 50.26718196802678
87.17688122301638 76.94492454349665
62.02745667579658 32.78567479578937
75.24998279840351 73.73408121484272
35.32111855844743 54.49440358993206
64.28949569739876 83.11728455248192
39.90554860370884 21.52858515553515
89.47024102805598 31.05649508974315
53.68756830092833 72.85006684796807
33.63713396447838 1.5885743501674376
63.494937080624204 13.801778649041573
88.31656268003688 78.75966164025
21.141172142645072 4.668125311158333
55.74649080231261 84.77961068406195
1.6176592508601817 89.51719506588678
61.406558801454224 74.68411792802436
8.493662602477725 84.19553000468612
17.37790316119132 4.766693693554059
36.72672830810492 25.8114712890145
21.021851114968282 97.92833379645202
41.57781155487672 79.29474666789594
44.586730764333026 59.329017442568365
28.340814353823784 41.62353056576964
76.8112134226858 20.029572719577303
13.247375597566368 65.04762861970987
10.59786977252154 34.70364051762145
83.98590678365892 9.943861169842993
34.34586365671005 15.413208072191109
57.21754340038744 99.83249118919308
38.56896079125666 86.90771277913014
93.87730706104543 15.625727050755977
25.151996750132298 92.82249611797519
93.69497287079453 2.9529725143358387
22.447666762732787 4.281969089811222
7.36752040421107 36.833726207339865
81.1914434730414 77.9235401804231
20.273997527552577 96.78255097104187
98.37822296643319 73.70217837402473
3.909073580979383 59.3911628097449
85.18668023648411 33.681411379820005
68.66702234078579 69.31902669850678
47.66714981852235 26.053759904975294
36.38639803093994 24.452700987724572
25.756773780983856 97.34718531367956
59.51001162927071 0.732624660878467
17.289008563700403 79.7618060567607
17.92261780450022 31.81163606745152
27.245407627207165 20.626843037049525
59.840758726259956 92.19555057556131
97.92813665422923 11.508459783553581
11.317806984193323 85.15278105800648
35.6007822320428 47.27048005807693
43.4700565241911 32.69049296210178
31.151694577386245 14.148934815247582
49.27945833568279 5.963469766833263
21.153121411673613 76.5752900612531
25.357083144050662 19.660512109246543
90.56240758530708 65.38356688825345
19.648997543247482 79.69557426150298
74.29402231000847 90.89901030844344
54.0434198130427 18.231860556813338
4.3803010964660665 15.256667090747367
45.46994792954317 26.259921088862313
61.422887322102426 54.16755466952318
44.82178885759808 28.58918478665039
22.920693752262622 81.48491267873068
81.98485223979607 37.174108829269535
67.26489784730823 89.60086975230452
97.94257992509098 43.43762461178326
6.028774810495197 14.268731637289967
33.11241054174585 27.759862565507444
42.680711895551774 15.033566050275615
81.00709835804227 93.54523815305042
89.97614232319438 7.647254899717149
84.5474688092794 48.56824663774347
73.42806435365645 47.572643793096034
68.17445851150957 45.1865257818884
75.83410433666867 2.8255730948371416
25.881801860216548 3.5331669826474177
92.30680693237414 67.0705151275523
21.431604788938465 44.94887294637996
99.44678103258141 20.107964533093693
0.4145130753313797 46.04306860886458
3.803199953376868 96.34708868543756
79.91938550008071 93.76391918689853
15.62414583696915 14.927814698628893
67.81294269840281 43.58640794943778
80.22785139987859 44.76338365452723
93.01779513166969 48.3131515752915
98.99372679177132 43.995705605571025
99.31558402013783 19.298555393517113
46.099200204587376 38.91154312474253
52.86195333338854 39.23139794053451
6.77693136140144 33.937928101280434
12.02411820421857 6.7724536822515224
98.97857171169214 73.06465300263561
51.780841556516734 74.26825791222203
53.40569084521223 45.28876647027968
81.34329687319631 72.31227328885477
45.802824072657764 29.65410233558421
25.67193899058481 55.25276334751479
30.166540575328092 86.17066461649317
64.42088651803792 50.615911568244655
93.29110021990104 69.9278667851804
52.79544674492751 79.19759975618935
6.986447924156048 29.93584438090856
92.56998329478007 48.28114483427876
0.2609173549295907 48.211939902710334
5.543963509758909 45.62572962423139
21.668906837805814 13.849660688563093
31.898583249787183 30.53718874580291
93.38003996490848 75.78301023583293
75.27834002405774 74.6771950294079
92.14940057389086 9.21344244681852
34.714616421566156 17.57083682265417
